1	10.875666274687122	True	[10.87566627 10.70917145 10.29770319 10.53256402 10.2       ]
2	11.083652074379541	True	[10.1        10.9462143  10.84526494 10.1        11.08365207]
3	11.083652074379541	False	[10.1        10.19349108 10.31694849 10.85877939 10.1       ]
4	11.083652074379541	False	[10.3        10.18348847 10.37665925 10.2        10.2       ]
5	11.258057584239692	True	[11.25805758 11.03243776 11.25356078 10.1        10.2       ]
6	11.258057584239692	False	[10.1         9.9614624  10.22581096 10.23911724 10.3       ]
7	11.258057584239692	False	[11.08358706 10.1        10.75295058  9.98357958 10.1       ]
8	11.258057584239692	False	[10.2        10.1        10.45925263 10.45699091 10.2       ]
9	11.258057584239692	False	[10.3        10.39456191 10.29302714 10.3123191  10.88842885]
10	11.258057584239692	False	[10.58204397 10.82770547 10.59894864 10.2        10.98204086]
11	11.258057584239692	False	[10.1        10.29289413 10.20544804 10.82241128 10.3       ]
12	11.258057584239692	False	[10.89064938 10.40279814 10.90220945 11.21813138 11.07412839]
13	11.258057584239692	False	[10.37010634  9.91357175 10.2        10.30188135 10.2       ]
14	11.258057584239692	False	[10.2        10.44996108 10.1        10.11717689 10.36872941]
15	11.258057584239692	False	[10.82849661 11.01254384 10.76648749 10.1        10.30032432]
16	11.258057584239692	False	[10.1        10.21968328 10.19151032 10.44403801 10.1       ]
17	11.258057584239692	False	[10.3188823  11.14671743 10.93965851 10.98881562 10.62624311]
18	11.258057584239692	False	[10.22906137  9.89771938 10.17017314 10.30850078 10.2       ]
19	11.46099872185219	True	[10.89013625 11.37149041 11.14008997 11.46099872 11.13967176]
20	11.46099872185219	False	[10.20404339 10.20629616 10.28358751 10.67227296 10.65466194]
21	11.46099872185219	False	[10.19063034 10.340585    9.9940442  10.2        10.27668822]
22	11.46099872185219	False	[10.30414384 10.80110643 10.74410869 10.54908993 10.75451863]
23	11.46099872185219	False	[10.20944184 10.1        10.36679213 10.00810735 10.1       ]
24	11.46099872185219	False	[10.09267172 10.85490316 10.56298051 10.47198039 10.1       ]
25	11.46099872185219	False	[10.77766687 10.2        10.8254291  11.02993032 10.2       ]
26	11.46099872185219	False	[10.27634588 10.20686712 10.1873313   9.99555609 10.09358471]
27	11.46099872185219	False	[10.1        10.1        10.28790544 10.38723437 10.2       ]
28	11.46099872185219	False	[10.30813908 11.11848737 10.82577651 10.83523896 10.6367806 ]
29	11.46099872185219	False	[10.60020843 10.20045432 10.72503059 10.7958506  10.83370442]
30	11.46099872185219	False	[10.20163359 10.01016068 10.19015425 10.12340999 10.16315318]
31	11.46099872185219	False	[10.47325863 10.49756486 10.1         9.98135498 10.54546436]
32	11.46099872185219	False	[10.1        10.49706608 10.1        10.17766581 10.38458742]
33	11.46099872185219	False	[10.1        10.69812044 10.1        10.78143794 10.1       ]
34	11.46099872185219	False	[10.88442556 10.4410509  10.98862626 11.14361962 10.87935733]
35	11.46099872185219	False	[11.12435972 10.97047008 11.25457029 11.07035822  9.7       ]
36	11.46099872185219	False	[10.2        10.32185652 10.1        10.65954129 10.55324996]
37	11.46099872185219	False	[10.3        10.55589182 11.05045155 11.26336829 10.88804688]
38	11.46099872185219	False	[10.49684333 10.91566209 10.35361659 10.72537681 10.81661473]
39	11.46099872185219	False	[10.18951041 10.2859108   9.9401067  10.1507293  10.55050813]
40	11.46099872185219	False	[10.36783446 10.1        10.1        10.42750365 10.25853791]
41	11.46099872185219	False	[ 9.9        10.68219463 10.32527588 10.66781807 10.3       ]
42	11.46099872185219	False	[10.18349778 10.49926545 10.2        10.37907998 10.1       ]
43	11.46099872185219	False	[10.1        11.04299004 10.88659257 10.99812137 10.97339899]
44	11.46099872185219	False	[10.         10.44656336 10.33731826 10.1        10.56891479]
45	11.46099872185219	False	[10.2        10.22056431 10.80822203 11.05223616 10.87184766]
46	11.46099872185219	False	[10.1        10.74534116 11.1096994  11.14691688 10.95573324]
47	11.46099872185219	False	[10.1        10.67805294 10.52657671 10.2        10.56645   ]
48	11.46099872185219	False	[10.1        10.2        10.1        10.93967888 11.18818142]
49	11.46099872185219	False	[10.49067627 10.48662446 10.32508837 10.48467847 10.78694769]
50	11.46099872185219	False	[10.2        11.27845143 11.19271231 10.2        11.14148508]
51	11.46099872185219	False	[11.27076699 11.30643326 11.28805553 10.19478794 11.28827323]
52	11.504657579946178	True	[ 9.99562245 11.42720267 11.49647808 11.50465758 11.24025333]
53	11.504657579946178	False	[10.61932414 10.37815207 10.73263856 10.1        10.69823151]
54	11.504657579946178	False	[10.75698643 10.1        10.2        11.06649276 10.95385236]
55	11.504657579946178	False	[11.16630925 10.72808482 10.2        11.04305743 10.78130774]
56	11.504657579946178	False	[10.11445181 10.1        10.10747387 10.29520271 10.22501087]
57	11.504657579946178	False	[10.83985504 10.77113424  9.9        10.73577061 10.97957205]
58	11.504657579946178	False	[ 9.98785226 10.1        10.47217539 10.1        10.55611304]
59	11.504657579946178	False	[10.2842519  10.32854946 10.38730957 10.33157616 10.1       ]
60	11.504657579946178	False	[11.05470905 10.97094028 11.15358718 11.03911029 11.10874808]
61	11.504657579946178	False	[10.50941254 10.2        10.34231072 10.1        10.53955518]
62	11.504657579946178	False	[10.28876582  9.82488271 10.29164854  9.7808415   9.96923455]
63	11.504657579946178	False	[10.71130748 10.47234375 10.2        10.80767836 10.31857021]
64	11.504657579946178	False	[10.18920309 10.03238182 10.3806346   9.94091323 10.2       ]
65	11.68764771991501	True	[11.3387027  11.0826516  11.41099694 11.68764772 10.2       ]
66	11.68764771991501	False	[11.1080218  11.09704165 10.98212873 10.74456211 10.1       ]
67	11.68764771991501	False	[10.2        10.17682848 10.1        10.1        10.12851825]
68	11.68764771991501	False	[10.60787727 10.55200775 10.72746471 10.45349872 11.05633017]
69	11.68764771991501	False	[11.30641481 10.1        10.08998648 10.94991743 10.93311283]
70	11.68764771991501	False	[10.59748718 10.29935093 10.2854056  10.50131473 10.4605728 ]
71	11.68764771991501	False	[10.1         9.85589615  9.97542674 10.1        10.23899943]
72	11.68764771991501	False	[10.2        10.29373436 10.19366703 10.1        10.62438132]
73	11.68764771991501	False	[10.46058453 10.39282781 10.2        10.1        10.52551419]
74	11.68764771991501	False	[10.2        10.26045635 10.18140365 10.49222258 10.2       ]
75	11.68764771991501	False	[10.18614123 10.51397542 10.2        10.47061329 10.40145697]
76	11.68764771991501	False	[11.25739974 10.98600392 11.14542985 10.21993102 10.4095355 ]
77	11.68764771991501	False	[10.19421266 10.05295321 10.2        10.23943482 10.22839789]
78	11.68764771991501	False	[10.20562524 10.28286245 10.37965055 10.2        10.40389524]
79	11.68764771991501	False	[10.1        10.63151646 10.1881451  10.33637872 10.2       ]
80	11.68764771991501	False	[10.21542998 11.10214631 10.1        10.2        10.81100182]
81	11.68764771991501	False	[10.1        10.48282244 10.         10.41889524 10.29219758]
82	11.68764771991501	False	[10.22348395 10.38592911  9.99748811 10.38657064 10.27268348]
83	11.68764771991501	False	[10.1        10.20047293 10.28881232  9.98125415 10.22893995]
84	11.68764771991501	False	[10.96803362 11.05603582 11.16074324 10.51436979 10.6696747 ]
85	11.68764771991501	False	[10.51744362 10.20882339 10.         10.20567755 10.        ]
86	11.68764771991501	False	[11.13467307 10.1        10.1        10.2        10.1       ]
87	11.68764771991501	False	[10.74324166 10.93334901 10.         10.90909222  9.9       ]
88	11.68764771991501	False	[10.2        10.15183353 10.40943111 10.1198073  10.41500587]
89	11.68764771991501	False	[11.05734892 10.1        10.99724874 11.18552043 10.99811077]
90	11.68764771991501	False	[10.93980321 10.63608975 10.1        10.59935496 10.60890867]
91	11.68764771991501	False	[10.1        10.87561841 10.84328762 10.1        10.2       ]
92	11.68764771991501	False	[10.67888891 10.913521   10.53856188 10.67101413 10.93602232]
93	11.68764771991501	False	[10.82462348 11.03354433 10.9379868  10.96092095 11.17646869]
94	11.68764771991501	False	[10.0732915  10.19346433  9.99235592 10.06418781 10.22943678]
95	11.68764771991501	False	[10.1        10.54266346 10.2        10.1        10.2079986 ]
96	11.68764771991501	False	[10.62490711 10.38195779 10.         10.26537777 10.2       ]
97	11.68764771991501	False	[11.11494404 10.96804001 10.17406346 11.09357091 10.2       ]
98	11.68764771991501	False	[10.91446668 10.76165096 10.75951504 11.10184434 10.82636346]
99	11.68764771991501	False	[10.01621347  9.88058108 10.11925051 10.24633946 10.17859539]
100	11.68764771991501	False	[10.1        10.81027353 10.1        10.1        10.93520826]
101	11.68764771991501	False	[10.96059459 10.45181754 10.17809971 10.65218105 10.63720157]
102	11.68764771991501	False	[10.2        10.30093784 10.30240237 10.1        10.32137013]
103	11.68764771991501	False	[10.3886267  11.06586908 10.9673142  10.1        11.33165428]
104	11.68764771991501	False	[ 9.97624853 10.2        10.39159554 10.2        10.1       ]
105	11.68764771991501	False	[10.08389461 10.1        10.13984243 10.2        10.0687987 ]
106	11.68764771991501	False	[10.84764007 10.28423408 10.89761334 10.2        10.86060515]
107	11.68764771991501	False	[10.2         9.8        10.54083986 10.2         9.9       ]
108	11.68764771991501	False	[10.49433309 10.78667461 10.86132211 10.2        10.79067494]
109	11.68764771991501	False	[10.10596778 10.2        10.27313896 10.15315062 10.2       ]
110	11.68764771991501	False	[10.77328118 10.1        10.1        10.97085391 10.1       ]
111	11.68764771991501	False	[10.8764642  10.71757438  9.8        10.1864292  10.88516944]
112	11.68764771991501	False	[10.2        10.1        10.69974465 10.53128218 10.1       ]
113	11.68764771991501	False	[10.51981519 10.52782696 10.70792543 10.27358061 10.46142614]
114	11.68764771991501	False	[10.70043252 10.55133441 10.79304334 10.47000255 10.27369716]
115	11.68764771991501	False	[ 9.92048334 10.1        10.6717454  10.1        10.1       ]
116	11.68764771991501	False	[10.31416151 10.23559428 10.2        10.37687567 10.42280764]
117	11.68764771991501	False	[10.19531957 10.2143197  11.20970653 10.87942439 10.95692359]
118	11.68764771991501	False	[10.1        10.7680015  10.29991792 10.2        10.1       ]
119	11.68764771991501	False	[10.82816237 10.91374661 10.82166924 11.07821999 10.1       ]
120	11.68764771991501	False	[10.28974919 10.33709716 10.28979268 10.40156702 10.20952052]
121	11.68764771991501	False	[11.33014991 11.35166875 10.30388088 10.2        10.81532059]
122	11.68764771991501	False	[10.2        10.1        11.20305778 10.79639944 10.93427933]
123	11.68764771991501	False	[10.70965407 11.25506092 11.12010463 10.96817331 11.31535571]
124	11.68764771991501	False	[10.17492551 10.47420067 10.25867931 10.2        10.1       ]
125	11.68764771991501	False	[10.3368119  10.1        10.2        10.40765116 10.51304276]
126	11.68764771991501	False	[11.04236584 10.1        10.61026939 11.29927112 10.1       ]
127	11.68764771991501	False	[11.20872263 11.1634417  11.17824799 11.07745641 11.51997613]
128	11.68764771991501	False	[10.98797566 10.91093708 11.08815737 10.00710222 10.85164492]
129	11.68764771991501	False	[10.37428361 10.19868683 10.35535108 10.35839471 10.11572249]
130	11.68764771991501	False	[10.33070957 10.51750449 10.28972102 10.25783894 10.27101708]
131	11.68764771991501	False	[11.32018907 11.03795327 11.02485847 11.13956717 10.29056178]
132	11.68764771991501	False	[10.19098791 10.41172588 10.29032266 10.1        10.1       ]
133	11.68764771991501	False	[10.98782206 10.73053157 11.08996443 10.90099065 10.93296927]
134	11.68764771991501	False	[10.09172349 10.01902263 10.00452339 10.05434621 10.11092343]
135	11.68764771991501	False	[10.         11.00653806 10.83946081 10.8574932  11.04733792]
136	11.68764771991501	False	[10.1        11.11879564 11.19848556 10.1        11.26014077]
137	11.68764771991501	False	[10.75290321 10.36369353 10.2        10.18511992 10.52683916]
138	11.68764771991501	False	[10.78691817 10.98712316 11.08600184 11.35669256 10.5541848 ]
139	11.68764771991501	False	[10.62621116 10.59265267 10.35649042 10.34683745 10.1       ]
140	11.68764771991501	False	[10.95126408 10.07804513 10.79543435 10.91794517 10.2       ]
141	11.68764771991501	False	[10.29866201 10.41658449 10.3189685  10.83102044 10.82309668]
142	11.68764771991501	False	[ 9.82504543 10.2963233  10.02258554  9.84625028 10.10237341]
143	11.68764771991501	False	[10.19444984 10.29656379 10.29930407 10.20091915 10.1       ]
144	11.68764771991501	False	[10.85896128 10.48924792 10.2        10.51284125 10.2785395 ]
145	11.68764771991501	False	[10.3        10.84921421 10.2        10.91473092 10.1       ]
146	11.68764771991501	False	[ 9.5        10.91091058 10.89517735 10.84056816 10.70585988]
147	11.68764771991501	False	[10.1        10.75871042 10.1        10.66825074 10.1       ]
148	11.68764771991501	False	[10.30210514 11.39240131 11.11065354 11.04605313 10.94206469]
149	11.68764771991501	False	[10.2        10.46163518 10.1        10.53107094 10.66497206]
150	11.68764771991501	False	[10.15799149 10.19936191 10.3        10.47473451 10.04008202]
151	11.68764771991501	False	[11.09574151 10.1        10.96641306 11.04885401 10.8093887 ]
152	11.68764771991501	False	[10.58033994 10.2        11.04324011 10.93055143 11.06699929]
153	11.68764771991501	False	[10.46097354 10.28564476 10.21787664 10.35277035 10.1       ]
154	11.68764771991501	False	[ 9.83008555 10.00104237 10.12150043 10.28524212 10.2       ]
155	11.68764771991501	False	[10.2        10.2        11.23345715 11.19881354 10.89324303]
156	11.68764771991501	False	[10.95023338 10.1        10.91417874 10.19279821 10.73565748]
157	11.68764771991501	False	[10.92255583 10.9361914  10.1        11.01576425 10.1       ]
158	11.68764771991501	False	[10.         10.1958653  10.37231761 10.43377777 10.44134445]
159	11.68764771991501	False	[10.91479766 10.1        10.21903638 10.         10.83126109]
160	11.68764771991501	False	[10.89789362 10.2        11.08783671 10.30843611 10.66219129]
161	11.68764771991501	False	[10.57949642 10.83460477 10.88114501 10.1        10.83149773]
162	11.68764771991501	False	[10.62154979 10.08016409 10.17810712 10.2        10.29131494]
163	11.68764771991501	False	[10.68341459 10.59673662 10.2        10.64533276 10.4724838 ]
164	11.68764771991501	False	[10.77646744 10.1        10.97086595 11.05656838 10.85383676]
165	11.68764771991501	False	[10.24957476 10.3451049  10.16589107 10.13995724 10.56914504]
166	11.68764771991501	False	[10.49365038  9.99367982 10.2        10.13601354 10.        ]
167	11.68764771991501	False	[11.33310689 10.18427985 10.757432   10.84183082 11.3586455 ]
168	11.68764771991501	False	[10.72611068 10.8725517  10.30005142 11.05577769 10.94603121]
169	11.68764771991501	False	[10.57336399 10.60720715 10.2        10.1        10.1       ]
170	11.68764771991501	False	[11.07877815 10.78291227 10.94819645 11.10781687 11.08526839]
171	11.68764771991501	False	[10.69664912 10.52593474 10.2        10.19075095 10.58402489]
172	11.68764771991501	False	[10.86576385 10.2        11.23284536 10.2        11.39418621]
173	11.68764771991501	False	[10.19430943 10.5019757  10.18354249 10.54808619 10.57066608]
174	11.68764771991501	False	[11.12105746 11.14574387 11.2617054  11.30356964 11.34553253]
175	11.68764771991501	False	[10.48787138 10.39001881 10.43450001 10.86644842 10.5843575 ]
176	11.68764771991501	False	[11.05176514 10.1        10.2        10.22470554 10.96542729]
177	11.68764771991501	False	[10.61211352 10.62629733 10.67426183 10.29076972 10.1       ]
178	11.68764771991501	False	[10.4282738  10.2        10.36931814 10.43161347 10.52906733]
179	11.68764771991501	False	[10.         10.41388854  9.95950844 10.3        10.43158981]
180	11.68764771991501	False	[10.18474625 10.2        10.52316515 10.18909506 10.3       ]
181	11.68764771991501	False	[10.18815923 10.3        10.73713905 10.19634603 10.66604386]
182	11.68764771991501	False	[10.1        11.38188291 10.         10.2        10.37796114]
183	11.68764771991501	False	[10.710795   10.68806588 10.75690719 10.3247077  10.        ]
184	11.68764771991501	False	[10.25269783 10.         10.40532805  9.6        10.1       ]
185	11.68764771991501	False	[10.2885434  10.20217468 10.76675129 10.60623622 10.46091162]
186	11.68764771991501	False	[10.47108722 10.2        10.44961191 10.27530033 10.2       ]
187	11.68764771991501	False	[10.1        10.29657745 10.3        10.66836923 10.2       ]
188	11.68764771991501	False	[10.34197447 10.81103044 10.53370811 10.6654765  10.30203345]
189	11.68764771991501	False	[10.3        10.23698836 10.11281342 10.2        10.18030896]
190	11.68764771991501	False	[10.1        10.14487907 10.01331708 10.10050062 10.28060878]
191	11.68764771991501	False	[10.74994502 11.15550324 10.95006874 10.3        10.99175229]
192	11.68764771991501	False	[10.75402901 10.29468013 10.2        10.2        10.83002789]
193	11.68764771991501	False	[10.65400865 10.2        10.74037854 10.72626712 10.1       ]
194	11.68764771991501	False	[10.21909048 10.29832884 10.28312454 10.29433945 10.20904839]
195	11.68764771991501	False	[10.18410673 10.88853242 11.26550928 11.09601704 10.1       ]
196	11.68764771991501	False	[10.2        10.51408992 10.1        10.91400794 10.68583999]
197	11.68764771991501	False	[ 9.8        10.76935263 10.57654477 10.71722895 10.75781858]
198	11.68764771991501	False	[10.18566936 11.35635021 11.31731023 11.19742322 10.28489754]
199	11.68764771991501	False	[11.02932524 10.18862333 11.28470602 11.2722445  11.14551249]
200	11.68764771991501	False	[10.33157203 10.6257849  10.28909944 10.63048437 10.19695317]
201	11.68764771991501	False	[10.48875061 10.2        10.02027522 10.56629216 10.23201404]
202	11.68764771991501	False	[10.1        10.74889959 10.37913171 10.3        10.1       ]
203	11.68764771991501	False	[11.19496167 10.89100645 10.63824967 10.87642062 10.60681797]
204	11.68764771991501	False	[10.33928032 10.07458149 10.05347303 10.17908054  9.99115632]
205	11.68764771991501	False	[10.1        10.41994849 10.43606079 10.52906357 10.21099701]
206	11.68764771991501	False	[10.2        10.74433463 10.51085702 10.90046987 10.68292758]
207	11.68764771991501	False	[10.64220999 10.70027743 10.46554975 10.1        10.62169863]
208	11.68764771991501	False	[10.1        10.3        10.2        11.03562426 10.1       ]
209	11.68764771991501	False	[10.1        10.16344781  9.95336779  9.48851619 10.28893394]
210	11.68764771991501	False	[10.1        10.1        10.06465569 10.19225789 10.1       ]
211	11.68764771991501	False	[10.30730555 10.2        10.1        10.45598568 10.1       ]
212	11.68764771991501	False	[11.07990705 10.308231   10.97359871 10.27458562 11.05120781]
213	11.68764771991501	False	[10.1        10.53921011 10.73779357 10.85460226 10.1       ]
214	11.68764771991501	False	[10.         10.39776636 10.         10.41729863 10.3       ]
215	11.68764771991501	False	[10.1        10.1        10.99884817 11.13028    10.98447379]
216	11.68764771991501	False	[10.39748566 10.2        10.18124605 10.07600837 10.1       ]
217	11.68764771991501	False	[10.38375261 11.22055369 11.11983366 10.85732202 11.04938238]
218	11.68764771991501	False	[10.1        10.2        10.33436105 10.62493493 10.36137131]
219	11.68764771991501	False	[10.1        11.36693198 11.07362903 11.20844096 10.97031785]
220	11.68764771991501	False	[10.1        10.0497624  10.44242035 10.03179263 10.06740552]
221	11.68764771991501	False	[10.         10.99539184 10.31017758 11.34449867 10.1       ]
222	11.68764771991501	False	[10.1        10.3519509  10.30127809 10.26938308  9.99909956]
223	11.68764771991501	False	[10.2        10.11503998 10.45316289 10.18862161 10.50666794]
224	11.68764771991501	False	[10.20709407 10.19805988 10.754009   10.59324928 10.67900521]
225	11.68764771991501	False	[10.40627379 10.2        10.301689   10.92814749 10.76403756]
226	11.68764771991501	False	[10.22812666 10.1        10.18217219 10.2        10.19666716]
227	11.68764771991501	False	[10.2        10.48462012 10.37687133 10.2        10.        ]
228	11.68764771991501	False	[10.17976925 10.19708913 10.2        10.21934943  9.93370208]
229	11.68764771991501	False	[10.2        10.16808812 10.13011622 10.26100238  9.99116498]
230	11.68764771991501	False	[11.19490996 11.14710805 11.08967808 10.2        10.2       ]
231	11.68764771991501	False	[10.7626027   9.97277007 10.57683246 10.54938206 10.3       ]
232	11.68764771991501	False	[11.04317878 10.10901026 11.03558278 10.54889403 11.07498611]
233	11.68764771991501	False	[10.18102334 10.1        10.2        10.5025933  10.2       ]
234	11.68764771991501	False	[10.44176502 10.24635459 10.2        10.1        10.31131104]
235	11.68764771991501	False	[10.         10.86038196 10.71980015 10.81429075 10.1       ]
236	11.68764771991501	False	[10.1        11.09446389 10.2        11.07403712 11.30794909]
237	11.68764771991501	False	[10.64619955 10.59938159 10.75430364 10.1        10.28778904]
238	11.68764771991501	False	[10.2882055  10.30502586 10.33737393 10.2        10.08107096]
239	11.68764771991501	False	[10.86767472 11.28484357 11.06647596 10.97809166 11.18362565]
240	11.68764771991501	False	[10.09985412 10.1        10.10665364 10.25906431 10.21056946]
241	11.68764771991501	False	[10.99310546 10.84556351 10.8648271  11.21390961 10.88793328]
242	11.68764771991501	False	[10.1        10.8265543  10.34831689 10.         10.64602021]
243	11.68764771991501	False	[10.31467311 10.34565986 10.53629295 10.17582347 10.1       ]
244	11.68764771991501	False	[10.19778865 10.2        10.29232745 11.14783711 10.2019105 ]
245	11.68764771991501	False	[10.9873082 10.2       10.2       11.1402853 10.1      ]
246	11.68764771991501	False	[10.09496657 10.55673803 10.2        10.2        10.1       ]
247	11.68764771991501	False	[10.2        10.42912699 10.         10.30090779 10.48347734]
248	11.68764771991501	False	[10.         10.74728391 10.74453742 10.71683507 10.19547787]
249	11.68764771991501	False	[10.59383064 10.71963875 10.44579663 10.60788823 10.83768521]
250	11.68764771991501	False	[10.94550063 11.1583149  10.8519012  11.03825556 10.2       ]
251	11.68764771991501	False	[10.         11.25022324 11.42609772 10.29429669 11.10546361]
252	11.68764771991501	False	[10.3        10.2040018  10.1901995  11.22401098 11.14012893]
253	11.68764771991501	False	[10.17181557  9.90493325 10.2        10.37280217 10.2       ]
254	11.68764771991501	False	[10.87931268 11.17914301 10.79595743 10.2        11.01737406]
255	11.68764771991501	False	[11.02734814 10.78352563 11.16697083 11.03010645 10.        ]
256	11.68764771991501	False	[11.08689549 10.67488628 10.9420393  10.92456328 10.2       ]
257	11.68764771991501	False	[10.34163707 10.1        10.09093116  9.69565867 10.37815592]
258	11.68764771991501	False	[10.73464971 10.1        10.18790297 11.00527492 10.30905418]
259	11.68764771991501	False	[11.35421295 10.         11.1341961  10.1        10.87580273]
260	11.68764771991501	False	[10.1        11.08204705 11.15151779 10.9270816  11.36650161]
261	11.68764771991501	False	[ 9.99309464 10.09168052 10.14055464 10.          9.90262607]
262	11.68764771991501	False	[10.35469411 10.         10.2574105  10.44576287 10.28667984]
263	11.68764771991501	False	[10.28249425 10.43513213 10.24566785 10.3        10.39062587]
264	11.68764771991501	False	[10.13106088 10.22891088 10.1        10.00902199 10.46635693]
265	11.68764771991501	False	[11.00961422 10.93176196 11.20533535 10.1        10.64175834]
266	11.68764771991501	False	[10.2        11.11794958 10.1        10.2        10.2918996 ]
267	11.68764771991501	False	[10.11179709 10.31524301 10.33322088 10.28395913 10.31811986]
268	11.68764771991501	False	[10.7263118  10.59684188 10.35973065 10.15695761 10.59254692]
269	11.68764771991501	False	[10.45226446 10.69213724 10.2        10.30597939 10.08530868]
270	11.68764771991501	False	[10.3        10.89260237 10.9241728  10.187017   10.78873587]
271	11.68764771991501	False	[10.95632131 11.06439103 10.84928555 10.91447573 10.76025895]
272	11.68764771991501	False	[10.56301337 10.46719132 10.428952   10.6528651  10.1       ]
273	11.68764771991501	False	[10.20898457 10.1        11.23305835 10.95782038 10.8657817 ]
274	11.68764771991501	False	[10.97477515 10.79412516 10.2        10.83570627 10.87163085]
275	11.68764771991501	False	[10.1        10.55767796 10.57917303 10.76293255 10.69484346]
276	11.68764771991501	False	[10.9861831  10.2        10.91423108 11.49615402 11.03789351]
277	11.68764771991501	False	[10.62968109 10.78941614 10.86949017 10.1        10.84702018]
278	11.68764771991501	False	[10.64892513 10.77792219 10.283107   10.49607388 10.74870308]
279	11.68764771991501	False	[10.2        10.17541316 10.29824831 10.2        10.36923138]
280	11.68764771991501	False	[10.60721855 10.         10.67761018 10.41608494 10.56264642]
281	11.68764771991501	False	[11.28966679 11.46151272 11.15829734 11.10344968 10.94037902]
282	11.68764771991501	False	[10.92312249 10.75218394 10.71913096 10.1        10.2042034 ]
283	11.68764771991501	False	[10.2        10.15408731 10.18838738 10.18678358 10.00653054]
284	11.68764771991501	False	[10.93646759 10.8056747  10.78598854 10.9784321  10.79461663]
285	11.68764771991501	False	[10.62756834 10.63233865 10.5073778  10.54652439 10.63964735]
286	11.68764771991501	False	[10.57806204 10.99595856 10.77867224 10.50368907 10.20260805]
287	11.68764771991501	False	[10.20044335 10.20762456 10.53772686 10.40118143 10.1       ]
288	11.68764771991501	False	[10.2        10.28798671 10.19561758 10.1        10.2       ]
289	11.68764771991501	False	[10.75513673 10.86312729 11.02238173 10.3        10.98742825]
290	11.68764771991501	False	[10.17483954 10.2        10.1        10.32987798 10.3100915 ]
291	11.68764771991501	False	[ 9.95613237  9.80309302 10.14436423 10.01173298 10.16654216]
292	11.68764771991501	False	[10.1        10.5476957  10.2         9.88566433 10.04593594]
293	11.68764771991501	False	[10.18301926 10.15820235 10.14900566 10.14099942 10.2       ]
294	11.68764771991501	False	[10.60660676 10.59560938 10.2        10.59934704 10.3191267 ]
295	11.68764771991501	False	[10.33008426 10.3        10.00245957  9.68257023 10.03658675]
296	11.68764771991501	False	[10.21074322 10.42571631 10.29238092 10.1        10.37730172]
297	11.68764771991501	False	[11.17196101 10.2        10.88457343 11.10519578 10.91438747]
298	11.68764771991501	False	[10.04968403 10.10678316 10.26420075  9.80781108 10.11480382]
299	11.68764771991501	False	[10.18539656 10.2        10.27290835 10.52706858 10.53286691]
300	11.68764771991501	False	[10.83523293 10.86515933 11.18611715 10.56687468 11.03975905]
301	11.68764771991501	False	[ 9.72667986 10.1        10.04444642  9.8903686  10.1       ]
302	11.68764771991501	False	[10.3006865  11.15577007 10.89254885 11.04687251 10.2       ]
303	11.68764771991501	False	[10.1        10.         10.70696387 10.2        10.19792436]
304	11.68764771991501	False	[10.531587   10.7030385  10.57297618 10.53849343 10.61985462]
305	11.68764771991501	False	[10.85528432 10.36534921 10.50689344 10.60957464 10.2       ]
306	11.68764771991501	False	[10.19385171 11.34044976 11.45471957 11.07880986  9.6       ]
307	11.68764771991501	False	[10.41543485 10.54742943 10.81313159 10.2        10.77009872]
308	11.68764771991501	False	[10.50632894 10.80814988  9.87798045 10.         10.29157342]
309	11.68764771991501	False	[10.13266137 10.38197889 10.18532572 10.40941869 10.2       ]
310	11.68764771991501	False	[10.19724072 10.72801817 10.         10.34477767 10.2       ]
311	11.68764771991501	False	[10.1340043  10.1         9.98030654  9.89122745 10.2       ]
312	11.68764771991501	False	[10.69493742 10.65727408 10.82216288 10.62044088 10.62362935]
313	11.68764771991501	False	[ 9.95901415 10.06621225  9.92042905  9.92805397 10.15272848]
314	11.68764771991501	False	[10.2        10.2        10.23267854 10.87795176 10.94978921]
315	11.68764771991501	False	[10.89203419  9.9        10.1        10.94526164  9.8       ]
316	11.68764771991501	False	[10.07817431 10.2        10.         10.28734157 10.22157716]
317	11.68764771991501	False	[10.49902384 10.2        10.18608371 10.62986205 10.2       ]
318	11.68764771991501	False	[10.2        10.3        10.1        10.2        11.02742976]
319	11.68764771991501	False	[11.23627949 10.1        10.2        10.89269869 11.23818711]
320	11.68764771991501	False	[10.43241239 10.88764721 10.2        10.64590551 10.5260703 ]
321	11.68764771991501	False	[10.         10.72833125 10.18070397 10.66937598 10.2       ]
322	11.68764771991501	False	[11.29495848 10.96458361 10.82528416 11.04656024 11.28631699]
323	11.68764771991501	False	[10.28051824 10.71298778 10.53538147 10.60766647 10.37681497]
324	11.68764771991501	False	[10.88241181 10.1        10.93907504 10.89508748 10.70825759]
325	11.68764771991501	False	[11.23774873 10.56688516 10.29197324 11.25247645 10.20205975]
326	11.68764771991501	False	[10.76586377 10.72354092 10.94163082 10.2905384  10.88432297]
327	11.68764771991501	False	[11.04017474 10.93267541 10.91015754 10.1        10.20465018]
328	11.68764771991501	False	[11.13120498 10.89753289 11.06433664 10.92969794 10.2       ]
329	11.68764771991501	False	[10.89836061 10.93391946 10.62292296 10.70513321 10.8397689 ]
330	11.68764771991501	False	[10.43680781 10.22187374 10.47951699 10.23709209 10.1       ]
331	11.68764771991501	False	[10.20071514  9.86619492 10.62035484 10.47146989 10.44378929]
332	11.68764771991501	False	[10.3        11.34524554 10.1        10.94218017 10.1       ]
333	11.68764771991501	False	[10.83861187 10.08690193 10.1        10.2        10.67809728]
334	11.68764771991501	False	[10.93388716 10.2        11.12620029 10.1        11.08884689]
335	11.68764771991501	False	[10.18192295 10.5068037  10.76449025 10.6025019  10.1       ]
336	11.68764771991501	False	[10.97287707 10.52189137 10.79901152 10.79759339 10.99378661]
337	11.68764771991501	False	[10.2        10.44925375 10.82780502 10.18046515 10.58425359]
338	11.68764771991501	False	[10.19201854 10.47903462 10.32694561 10.3        10.48628398]
339	11.68764771991501	False	[10.1        11.05451969 11.27361017 11.06755648 11.03162005]
340	11.68764771991501	False	[10.2        11.00673241 10.2        10.80718064 10.2       ]
341	11.68764771991501	False	[10.1        10.2        10.51524522 10.46456023 10.26821794]
342	11.68764771991501	False	[10.84263149 10.2        10.19823897 11.04618506 10.9084023 ]
343	11.68764771991501	False	[10.18096105 10.1        10.08539142 10.2        10.0679746 ]
344	11.68764771991501	False	[10.1        11.07428227 11.13005869 10.90380243 10.19699821]
345	11.68764771991501	False	[10.59714005 10.74925133 10.70163227 10.2        10.61884634]
346	11.68764771991501	False	[11.18905194 11.44581073 10.19643355 10.30133373 11.29709293]
347	11.68764771991501	False	[10.33712893 10.1        10.33438593 10.19368497  9.9       ]
348	11.68764771991501	False	[10.1        10.62806292 10.62811541 10.82139541 10.2       ]
349	11.68764771991501	False	[10.2        10.30236148 10.93711303 10.94138892 10.93935982]
350	11.68764771991501	False	[10.37850749 10.35845529 10.72441466 10.         10.16734008]
351	11.68764771991501	False	[10.1        10.38056828 10.89893683 10.3274155  10.1       ]
352	11.68764771991501	False	[11.12818424 10.1         9.9        10.97943715 10.31946818]
353	11.68764771991501	False	[10.32532774 10.02678659 10.25592985 10.1        10.37694933]
354	11.68764771991501	False	[10.11413146  9.89996745 10.          9.94287279  9.69421491]
355	11.68764771991501	False	[10.20074816 10.29422943 10.43481005 10.31266903 10.22069317]
356	11.68764771991501	False	[10.2        10.21238276 10.2        10.20955625 10.2437485 ]
357	11.68764771991501	False	[10.38150141 10.1        10.16529288 10.17981876 10.50241953]
358	11.68764771991501	False	[10.56948246 10.66700753 10.52447662 10.71648752 10.72590484]
359	11.68764771991501	False	[10.87350512 10.29437088 10.10594208 11.00454977 11.00795853]
360	11.68764771991501	False	[10.2        11.09059333 11.23088068 11.05927878 11.34202354]
361	11.68764771991501	False	[10.28254576 10.0888628  10.2        10.45343665 10.18963647]
362	11.68764771991501	False	[ 9.94030931 10.18122311 10.2        10.27085974 10.0498917 ]
363	11.68764771991501	False	[10.2        10.20739709 10.53575383 10.33780335 10.47434344]
364	11.68764771991501	False	[10.1201491  11.22736825 10.30533419 10.2        10.85694035]
365	11.68764771991501	False	[10.01853552 10.0866084  10.29960998 10.2        10.06112867]
366	11.68764771991501	False	[10.08007198  9.93744369 10.1         9.95442181 10.2       ]
367	11.68764771991501	False	[11.14020531 10.77846802 11.23136121 10.85789513 11.0590671 ]
368	11.68764771991501	False	[10.64200182 10.51453613 10.457556   10.68732571 10.56229755]
369	11.68764771991501	False	[10.1        10.34145463 10.2        10.85595312 10.8762263 ]
370	11.68764771991501	False	[10.30828321 10.27649594  9.98129555 10.28526925 10.17941301]
371	11.68764771991501	False	[11.02745261 11.16448755 10.20127051 10.20053988 11.0973334 ]
372	11.68764771991501	False	[10.35393901 10.25912517 10.50133648 10.41008987 10.56796943]
373	11.68764771991501	False	[ 9.97530998 10.27891927 10.28106636  9.89639683  9.89845793]
374	11.68764771991501	False	[10.1        10.         10.2        10.2120673  11.05229541]
375	11.68764771991501	False	[11.06077053 10.2        11.10947579 10.31091693 10.82730138]
376	11.68764771991501	False	[10.70465481 10.65839013 10.28552515 10.54661492 10.56224224]
377	11.68764771991501	False	[10.32229597 10.29238827 10.48090079 10.06736772 10.63493485]
378	11.68764771991501	False	[10.83844413  9.9        10.2        10.18778086 10.2       ]
379	11.68764771991501	False	[10.44376943 10.58482015 10.2        10.1        10.        ]
380	11.68764771991501	False	[10.49453426 10.2        10.65908112 10.16765493 10.1       ]
381	11.68764771991501	False	[11.03390715 10.93495559 10.7487731  11.23640844 10.82240095]
382	11.68764771991501	False	[10.40400091 10.21300465 10.93850491 10.97810985 10.2       ]
383	11.68764771991501	False	[10.89539744 10.1        10.91269142 10.2        10.79289337]
384	11.68764771991501	False	[10.03410914 10.10519207 10.17828233 10.1415832  10.1       ]
385	11.68764771991501	False	[11.05858944 10.1        11.16378443 10.1        11.27628872]
386	11.68764771991501	False	[10.4        10.00780498 10.33686125 10.1        10.1       ]
387	11.68764771991501	False	[10.97469057 10.59646022 10.85441038 10.94584012 10.70938471]
388	11.68764771991501	False	[10.3926127  10.21760929 10.1         9.8         9.97720533]
389	11.68764771991501	False	[11.27162759 10.1        10.2560419  10.1        10.18544705]
390	11.68764771991501	False	[10.1        10.70289673 10.5374237  10.73169162 10.173349  ]
391	11.68764771991501	False	[10.30924579 10.1        10.2        10.1        11.20291076]
392	11.68764771991501	False	[11.16614163 11.17497324 11.01152303 10.2        11.04579204]
393	11.68764771991501	False	[10.27319336 10.56284148 10.17687969 10.27897433 10.0809494 ]
394	11.68764771991501	False	[10.48144056 10.1        10.1        10.19270002 10.66881856]
395	11.68764771991501	False	[10.2        10.1        10.1        10.87104655 10.1       ]
396	11.68764771991501	False	[ 9.97733104 10.         10.23681468 10.17084402  9.98389254]
397	11.68764771991501	False	[11.14156096 11.03646324 11.21782001 11.12335217 11.34362202]
398	11.68764771991501	False	[10.         10.1        10.3        10.90785508 10.        ]
399	11.68764771991501	False	[10.74872901 10.1        10.55521777 10.2        10.88037435]
400	11.68764771991501	False	[10.32229563 10.35406223 10.21897501 10.2        10.59994677]
401	11.68764771991501	False	[10.38571014  9.8        10.2        10.2050342  10.40781011]
402	11.68764771991501	False	[10.81615796 10.90835257 10.2        10.82166462  9.9       ]
403	11.68764771991501	False	[10.2        10.3946499  10.1        10.1        10.25273079]
404	11.68764771991501	False	[10.30359079 10.1        10.36448216 10.39335954 10.33531938]
405	11.68764771991501	False	[10.2        10.1        10.98020167 10.93130347 11.07898033]
406	11.68764771991501	False	[10.81430636 10.84437191 10.66349533 10.7561362  10.2       ]
407	11.68764771991501	False	[11.26387977 10.91267601 10.9699859  10.9656587  10.99219313]
408	11.68764771991501	False	[10.68233708 10.80907702 10.1        10.1        10.1       ]
409	11.68764771991501	False	[10.99297304 10.18092569 10.2        10.94083077 10.8747438 ]
410	11.68764771991501	False	[10.3319918  10.56432846 10.48559832 10.2        10.50233751]
411	11.68764771991501	False	[10.94503688 10.86662826 10.29136186 10.91714338 10.2       ]
412	11.68764771991501	False	[10.18512422 10.71222602 10.86584328 10.7825458  10.1       ]
413	11.68764771991501	False	[10.56754336 10.1        10.81614785 10.1        10.1       ]
414	11.68764771991501	False	[10.1        10.00672484 10.4499955  10.32596584 10.24935569]
415	11.68764771991501	False	[10.91157375 10.2        10.2        10.75050821 10.69724192]
416	11.68764771991501	False	[10.92238803 11.12731567 10.1078078  11.21735949 10.97735532]
417	11.68764771991501	False	[11.41853662 10.2        11.17234448 11.24875789 11.07093713]
418	11.68764771991501	False	[10.38799154 10.36510745 10.443095   10.10100047 10.28393535]
419	11.68764771991501	False	[10.85183159 10.92465605 10.71740437 10.79044409 10.78082303]
420	11.68764771991501	False	[11.02486335  9.9        10.89181671 10.97006819 10.2       ]
421	11.68764771991501	False	[11.07092411 10.8015504  10.07654799 10.3        10.85391592]
422	11.68764771991501	False	[11.09050022 11.02620275 10.2        10.89142484 10.1       ]
423	11.68764771991501	False	[10.39953109 10.09325688 10.33635094 10.40284374 10.34013468]
424	11.68764771991501	False	[10.82008772 10.92004949 10.90486404 10.81906458 10.1       ]
425	11.68764771991501	False	[10.2        10.12094809 10.20225031 10.47230938 10.2       ]
426	11.68764771991501	False	[10.2263935   9.92195875 10.2        10.26822131 10.20988386]
427	11.68764771991501	False	[10.86839846 10.86785847 10.31128478 10.90267237 11.0574116 ]
428	11.68764771991501	False	[10.91218213 11.00762426 10.28311502 10.9738732  10.2       ]
429	11.68764771991501	False	[10.31966412 10.2        10.1         9.79738613 10.26144723]
430	11.68764771991501	False	[10.35772798 10.1461988  10.54701278 10.1        10.64588708]
431	11.68764771991501	False	[10.42874848 10.2        10.57828556 10.56179663 10.29460443]
432	11.68764771991501	False	[10.8569108  10.1891471  10.64542005 10.60181731 10.39838711]
433	11.68764771991501	False	[10.93530779 10.2        10.28396982 10.86417474 10.80324986]
434	11.68764771991501	False	[10.86519933 10.87527595 10.73732462 10.78229459 10.2824103 ]
435	11.68764771991501	False	[10.90206058 10.1        11.26614335 11.22724141 11.27114666]
436	11.68764771991501	False	[10.20339877 10.1        10.         10.90560886 10.1       ]
437	11.68764771991501	False	[10.29852787 10.36117531 10.27613122 10.15813118  9.92935366]
438	11.68764771991501	False	[10.52050195 10.2        10.1        10.51370117 10.2       ]
439	11.68764771991501	False	[10.80354433 10.29176439 10.85255933 10.2        10.29689949]
440	11.68764771991501	False	[10.87384638 10.50592247 10.41445898 10.79580238 10.5573387 ]
441	11.68764771991501	False	[10.2        10.19789558 10.5146741  10.79262341 10.56216519]
442	11.68764771991501	False	[10.1        11.05071671 11.08589687 10.1        11.27147689]
443	11.68764771991501	False	[10.         10.1        10.2810257  10.18417369 10.3       ]
444	11.68764771991501	False	[10.3        10.1        10.15669507 10.2        10.1893334 ]
445	11.68764771991501	False	[10.92235904 10.99920612 10.         10.84022915 10.97348208]
446	11.68764771991501	False	[ 9.93370045 10.11009023 10.2        10.21374583 10.19450756]
447	11.68764771991501	False	[10.4658233  10.58745891 10.1898885  10.78908831 10.86016589]
448	11.68764771991501	False	[10.48317441 10.51823964 10.50997013 10.45413266 10.1       ]
449	11.68764771991501	False	[10.2        10.11629752 10.36136108 10.1339848  10.00088   ]
450	11.68764771991501	False	[10.1943957  10.2         9.95405469 10.2         9.80223909]
451	11.68764771991501	False	[10.35406774 10.3        10.36523825 10.2        10.2       ]
452	11.68764771991501	False	[10.31993103 10.32518259 10.08739962 10.1        10.33675082]
453	11.68764771991501	False	[10.20968963 10.2        10.11668998 10.1        10.43070865]
454	11.68764771991501	False	[10.48332504 10.73746628 10.39648451 10.49525514 10.56675309]
455	11.68764771991501	False	[11.02090385 10.8906498  10.2        10.08056091 10.79975462]
456	11.68764771991501	False	[10.31558706 10.21313483 10.1        10.07171572 10.27360684]
457	11.68764771991501	False	[10.30281968 10.20984058 10.92301879 10.21810953 10.2       ]
458	11.68764771991501	False	[11.4215843  11.19670702 11.3463139  11.35704504 11.17218398]
459	11.68764771991501	False	[ 9.9        10.41185821 10.2        10.28532907 10.33010245]
460	11.68764771991501	False	[10.9740702  10.94257253 10.79036998 10.         10.3       ]
461	11.68764771991501	False	[11.24090867 11.28526243 10.88571209 11.13046266 11.08187424]
462	11.68764771991501	False	[10.1        10.63895997 10.64000818 10.27869317 10.5866501 ]
463	11.68764771991501	False	[11.42041127 10.1        10.1        11.149851   10.1       ]
464	11.68764771991501	False	[10.2         9.94019204 10.2        10.14542419 10.05279367]
465	11.68764771991501	False	[10.22769908 10.1989759  10.03734759 10.29119277 10.0587493 ]
466	11.68764771991501	False	[10.29840508 10.41491531 10.04500332 10.06040606 10.1       ]
467	11.68764771991501	False	[10.2         9.9        11.25138083 10.2        11.22239678]
468	11.68764771991501	False	[10.06954198 10.2        10.184183   10.17427412 10.29961955]
469	11.68764771991501	False	[10.44585427 10.1        10.1        10.2        10.52402958]
470	11.68764771991501	False	[10.3        10.17410955 10.17004121 10.48729302 10.50786122]
471	11.68764771991501	False	[10.2        10.9811323  10.94037856 10.15673999 11.08421614]
472	11.68764771991501	False	[10.17588268 10.95767387 10.2        10.2        10.48921081]
473	11.68764771991501	False	[10.40975005 10.09288228 10.1        10.04887869 10.53080669]
474	11.68764771991501	False	[11.11691298 11.09158387 11.18608547 10.90351735 11.09453368]
475	11.68764771991501	False	[10.2        10.71267834 10.80577885 10.2        10.37430388]
476	11.68764771991501	False	[10.65240517 10.68446598 10.71726911 10.30153664 10.56571464]
477	11.68764771991501	False	[10.72375547 10.2        10.59329106 10.3        10.58178046]
478	11.68764771991501	False	[10.8943962  10.18006202 10.76386819 10.71540446 10.1       ]
479	11.68764771991501	False	[10.53716551 10.1        10.49996312 10.75813237 10.71964668]
480	11.68764771991501	False	[10.2        10.31266521 10.15110483 10.1395273  10.27904918]
481	11.68764771991501	False	[10.80881492 10.18977293 10.1        10.19812697 10.1       ]
482	11.68764771991501	False	[10.26964207 10.7525944  10.1        10.69005923 10.18065252]
483	11.68764771991501	False	[10.61330682 10.59602034 10.64958882 10.83539906 10.1       ]
484	11.68764771991501	False	[10.09492556 10.89728774 10.50933234 10.88926946 10.82910957]
485	11.68764771991501	False	[10.1        10.9182648  10.2        10.2        10.17304527]
486	11.68764771991501	False	[11.03417799 10.97890421 10.3        10.21267731  9.98274657]
487	11.68764771991501	False	[10.20381515 10.1        10.2        10.05267871 10.14890301]
488	11.68764771991501	False	[10.2        10.1        11.10343231 11.05439416 10.18569174]
489	11.68764771991501	False	[10.78664203 10.2        10.6225547  10.98599841 10.1       ]
490	11.68764771991501	False	[ 9.9        10.76890808  9.8        11.00881176 10.20578178]
491	11.68764771991501	False	[10.15559128 10.17736025 10.1        10.3041702  10.77756038]
492	11.68764771991501	False	[10.41761788  9.9322941  10.45530198 10.04720485 10.39115983]
493	11.68764771991501	False	[10.17849866 10.36862168 10.2        10.26476531 10.1       ]
494	11.68764771991501	False	[10.1        10.1        10.32169841 10.51776315 10.37363848]
495	11.68764771991501	False	[10.1        10.2        10.35671954 10.2        10.1       ]
496	11.68764771991501	False	[10.1       10.1        9.8757174 10.2450111 10.1929622]
497	11.68764771991501	False	[10.2        11.28727793 10.1        10.90189668 11.29579273]
498	11.68764771991501	False	[10.4182225  10.27863048 10.29856632 10.3626864  10.1       ]
499	11.68764771991501	False	[10.2        10.2        10.86246218 10.86212539 10.1       ]
500	11.68764771991501	False	[10.19023878 10.27931127 10.59751161 10.62787294 10.2       ]
501	11.68764771991501	False	[10.72937849 10.50225683 10.31428413 10.36967593 10.65883273]
502	11.68764771991501	False	[10.28012871 10.49429536 10.28129376 10.1        10.53943071]
503	11.68764771991501	False	[10.1        10.36696797 10.22173365 10.15455576 10.42919978]
504	11.68764771991501	False	[10.81945999 10.3        11.01159059 10.98794522 10.1       ]
505	11.68764771991501	False	[11.09186818 11.08330231 10.6702337  11.07117912 11.03557057]
506	11.68764771991501	False	[11.1969931  10.28280003 11.14992622 10.1        11.30372021]
507	11.68764771991501	False	[10.16232516 10.1        10.2827163  10.2        10.28961944]
508	11.68764771991501	False	[10.0830327  10.20702647 10.85842428 10.18984997 10.88105943]
509	11.68764771991501	False	[10.1        10.32876547 10.1        10.18814037 10.2       ]
510	11.68764771991501	False	[10.83702464 11.1469412  10.3        10.98912178 10.        ]
511	11.68764771991501	False	[11.13097708 11.10773625 11.29416331 11.11253408 11.12315904]
512	11.68764771991501	False	[10.88828734 10.19827219 10.432742   10.79560896 10.1       ]
513	11.68764771991501	False	[10.47697894 10.19033581 10.53770692 10.2        10.17925721]
514	11.68764771991501	False	[10.3        11.30791636 10.2        11.06275803 11.23520249]
515	11.68764771991501	False	[ 9.90897858 10.11023352  9.84958699 10.2        10.12012388]
516	11.68764771991501	False	[11.14270801 10.28754268 10.72144599 10.85415946 10.19165883]
517	11.68764771991501	False	[10.94258319 10.78103176 10.86103007 10.1        10.9668856 ]
518	11.68764771991501	False	[10.2861172  10.78072635 10.40355021 10.50323541 10.74338634]
519	11.68764771991501	False	[10.21365078 10.1        10.20565578  9.89884978 10.9695386 ]
520	11.68764771991501	False	[10.2        10.1        10.3        10.66738716 10.42090148]
521	11.68764771991501	False	[10.29984852 10.05735536 10.24601023 10.2        10.11851487]
522	11.68764771991501	False	[10.47996621 11.17702996 11.10761517 10.87971852 10.1       ]
523	11.68764771991501	False	[11.16772249 10.1        11.16623332 11.19191695 10.2       ]
524	11.68764771991501	False	[10.61342345 10.1        10.91299232 11.10243012 11.03751375]
525	11.68764771991501	False	[10.         10.18088955 10.         10.2        10.19906687]
526	11.68764771991501	False	[10.29687828 10.57757859 10.64933628 10.2        10.67296307]
527	11.68764771991501	False	[10.49415703 10.1        10.2        10.40853251 10.1       ]
528	11.68764771991501	False	[10.64034356 10.1        10.49574732 10.42224043 10.27758134]
529	11.68764771991501	False	[10.51063248 10.1        10.18398913 10.57194374 10.60342557]
530	11.68764771991501	False	[10.54105311 10.82241083 10.92308957 10.21200185 11.0737874 ]
531	11.68764771991501	False	[10.54133885 10.22829993 10.2        10.19131668 10.30362073]
532	11.68764771991501	False	[10.1380802  10.1        10.11096031 10.39206199 10.17722299]
533	11.68764771991501	False	[10.66727842 10.40026652 10.1        10.2        10.66848851]
534	11.68764771991501	False	[10.1        10.19063102 10.90112934 10.27043069 10.2       ]
535	11.68764771991501	False	[11.07928895 10.98243357 10.90672391 10.3        11.03626492]
536	11.68764771991501	False	[10.77617655 10.20002685 11.07318403 10.62898383 10.63409063]
537	11.68764771991501	False	[10.20305331 10.1         9.9233674  10.1        10.17577247]
538	11.68764771991501	False	[10.43475524 10.32241729 10.30683095 10.1        10.1       ]
539	11.68764771991501	False	[11.11709877 10.30933685 11.18364106 11.32145429 10.19382716]
540	11.68764771991501	False	[10.57736353 11.07486035 10.93057468 10.94463289 10.96877502]
541	11.68764771991501	False	[10.68466728 10.68808352 10.2        10.1        11.04074056]
542	11.68764771991501	False	[10.2        10.63333132 10.55775014 10.41002629 10.1       ]
543	11.68764771991501	False	[11.36383088 10.1        11.13124053 10.2        10.6573454 ]
544	11.68764771991501	False	[11.04074089 11.06385614 11.12789009 11.24313876 10.29703257]
545	11.68764771991501	False	[11.21006018 10.96053289 10.19484876 11.1623956  11.15856202]
546	11.68764771991501	False	[10.7825426  10.3        10.07077991 10.90449172 10.66170728]
547	11.68764771991501	False	[10.2922503  10.30567393 10.35006887 10.17644824 10.40494513]
548	11.68764771991501	False	[10.19203919  9.81224291 10.2        10.28670654 10.08491776]
549	11.68764771991501	False	[ 9.91325771 10.17578253 10.70994094 10.30064659 10.        ]
550	11.68764771991501	False	[10.         11.14883552 10.2        11.44452906 11.19029377]
551	11.68764771991501	False	[10.1        10.65123872 10.92428247 10.82636537 10.71140244]
552	11.68764771991501	False	[10.62983469 10.86320196 10.61575359 10.52063718 10.48912915]
553	11.68764771991501	False	[10.2        10.16295959 10.32097321 10.37955002 10.47655503]
554	11.68764771991501	False	[10.09994826 10.3093296  10.86924534 10.2        10.84448732]
555	11.68764771991501	False	[10.87955793 10.94142463 10.54310753 10.67174535 10.78653996]
556	11.68764771991501	False	[10.1         9.98417732 10.17055052 10.17171356 10.        ]
557	11.68764771991501	False	[10.66198759 10.70000526 10.1        10.66227297 10.1       ]
558	11.68764771991501	False	[10.63260436 10.62968146 10.2        10.30311962 10.65240884]
559	11.68764771991501	False	[10.29306484 10.21492429 10.18248965 10.27919081 10.37660818]
560	11.68764771991501	False	[10.70450637 11.17221039 10.2        10.88005872 10.30376595]
561	11.68764771991501	False	[11.16810412 11.17024462 11.13842363 11.19485096 10.96744083]
562	11.68764771991501	False	[10.72280052 10.39881497 10.41914822 10.3        10.85169427]
563	11.68764771991501	False	[10.22588098 10.36014088 10.37069292 10.1        10.46348144]
564	11.68764771991501	False	[10.60983303 10.46175804 10.38398717 10.2029012  10.48657351]
565	11.68764771991501	False	[10.19191131 10.1403302  10.10936193 10.1        10.37938766]
566	11.68764771991501	False	[10.1        10.69275578 10.66647709 10.17403109 10.68094545]
567	11.68764771991501	False	[10.98244905 10.1        10.87657456 10.95024524 10.65087171]
568	11.68764771991501	False	[10.73827026 10.64278977 10.35767263 10.85459326 10.44430122]
569	11.68764771991501	False	[10.80019549 10.43674402 10.1        10.72506596 10.87435627]
570	11.68764771991501	False	[10.1        10.56515072 10.1        10.37680538 10.34731851]
571	11.68764771991501	False	[10.38553845 10.2        10.2        10.25643905 10.32941494]
572	11.68764771991501	False	[10.82114289 10.90572547 10.20394672 10.1        10.72568106]
573	11.68764771991501	False	[10.80772962 10.1        11.15320647 11.01770903 10.27661727]
574	11.68764771991501	False	[10.64655551 10.1        10.81214227 10.84754432 10.2       ]
575	11.68764771991501	False	[10.18453815 10.2        11.00164362 10.83400179 10.76959393]
576	11.68764771991501	False	[10.3        10.35626374 10.63711415 10.75496816 10.49193753]
577	11.68764771991501	False	[10.2        10.94412516 10.2        11.15679847 10.92922305]
578	11.68764771991501	False	[10.         10.2         9.99943243 10.1        10.14251328]
579	11.68764771991501	False	[10.98318567 10.2        11.03919071 11.3527205  11.2867411 ]
580	11.68764771991501	False	[10.70901029 10.66273979 10.68109627 10.73335871  9.90177639]
581	11.68764771991501	False	[10.71487852 10.51230948 10.43494207 10.75960951 10.55278404]
582	11.68764771991501	False	[10.40922106 10.56582335 10.47971191 10.49795196 10.1       ]
583	11.68764771991501	False	[10.40545852 10.63430504 10.29552777 10.1         9.6       ]
584	11.68764771991501	False	[10.3018424  10.28365264 10.92520759 10.96050951 10.60442276]
585	11.68764771991501	False	[10.07318855 10.6100653  10.40552505 10.27393668 10.17230114]
586	11.68764771991501	False	[10.2        11.28843012 10.99568594 10.89232671 10.1       ]
587	11.68764771991501	False	[10.1         9.88771718 10.48456446 10.1        10.70615575]
588	11.68764771991501	False	[10.29825249 10.45543598 10.59059949 10.1        10.38929207]
589	11.68764771991501	False	[10.56749756 10.28304621 10.3958697  10.         10.24497114]
590	11.68764771991501	False	[11.08660796 10.99268694 11.05712641 10.2        10.98121072]
591	11.68764771991501	False	[11.19137433 11.00909139 11.15073548 11.12562837 11.17609909]
592	11.68764771991501	False	[11.22620628 11.11991912 10.30162037 11.17078936 10.2       ]
593	11.68764771991501	False	[10.27689626 10.09664114  9.78264463 10.35773032 10.31788432]
594	11.68764771991501	False	[11.08321619 10.83019277 10.69136828 10.93307085 10.1       ]
595	11.68764771991501	False	[10.1        10.04159118 10.21066021 10.32657565 10.2235759 ]
596	11.68764771991501	False	[10.42321487 10.56345926 10.38356759 10.57918748 10.2       ]
597	11.68764771991501	False	[10.29128612 10.10326854 10.28860335  9.58854894 10.18433492]
598	11.68764771991501	False	[10.07149537 10.06685874  9.75363434 10.03719229 10.1       ]
599	11.68764771991501	False	[10.1        10.34239428 10.2        10.1        10.1889097 ]
600	11.68764771991501	False	[10.38343548 10.3        10.28541041 10.2        10.09362369]
601	11.68764771991501	False	[10.2        10.91047673 10.94649947 10.1        10.46759359]
602	11.68764771991501	False	[11.01974882 10.1        10.19323845 10.2        11.32560376]
603	11.68764771991501	False	[10.2        10.1        11.04081949 11.07737472 10.73906858]
604	11.68764771991501	False	[10.56305941 10.20484446 10.2        10.20327166 10.3965942 ]
605	11.68764771991501	False	[10.48975601 10.58455477 10.1        10.45115628 10.1809163 ]
606	11.68764771991501	False	[10.49430817 10.42496218 10.59564595 10.2        10.39359113]
607	11.68764771991501	False	[11.01817101 11.28072943 10.8970115  11.04506668 11.18720999]
608	11.68764771991501	False	[10.78052787 10.20338265 10.2979311  11.0795924  10.18955739]
609	11.68764771991501	False	[10.83271142 11.01139697 10.1        10.29235169 10.1       ]
610	11.68764771991501	False	[11.52294204 11.16459312 10.40741301 10.19414516 11.16063611]
611	11.68764771991501	False	[10.2        10.35477192 10.31131839 10.1        10.37927906]
612	11.68764771991501	False	[10.48065374 10.2        10.37844098 10.29258633 10.46635499]
613	11.68764771991501	False	[10.75839019 10.15638799 10.87317126 10.60632655 10.19877444]
614	11.68764771991501	False	[11.10752841 10.2        10.91409893 10.21220899 10.        ]
615	11.68764771991501	False	[11.27588324 10.77768317 11.35972646 11.22644863 11.31304243]
616	11.68764771991501	False	[11.18433794 10.81184572 11.14931815 11.16321042 10.1       ]
617	11.68764771991501	False	[10.05246838 10.16569176 10.2         9.94230705 10.2       ]
618	11.68764771991501	False	[10.22455678 10.46950721 10.40251943 10.48474146 10.30218713]
619	11.68764771991501	False	[11.09425617 10.1        10.92014743 11.12254485 10.31067807]
620	11.68764771991501	False	[10.2        11.09248499 11.24641792 11.13670674 11.32354459]
621	11.68764771991501	False	[10.1076606  10.59919961 10.2        10.21723603 10.48460389]
622	11.68764771991501	False	[11.4732758  10.1        11.12523515 11.57109226 11.15304513]
623	11.68764771991501	False	[10.81584696 10.91820223 11.08091216 10.2        10.87900038]
624	11.68764771991501	False	[10.1        10.79390642 10.1        11.1814323  11.06501292]
625	11.68764771991501	False	[10.2        10.28276009 10.80115334 10.81907009 10.91010872]
626	11.68764771991501	False	[10.57000219 10.67348165 10.93029275 10.69629356 10.2       ]
627	11.68764771991501	False	[10.18764011 10.2        10.2        10.17445812 10.1       ]
628	11.68764771991501	False	[10.32530516 11.0403977  11.1094683  11.23895032 11.00815534]
629	11.68764771991501	False	[11.10198812 11.20100509 10.1        10.2        10.3036789 ]
630	11.68764771991501	False	[10.22769145 10.26493486 10.36832485 10.12850876 10.15644477]
631	11.68764771991501	False	[10.1        10.59004963 10.78484514 10.47285886 10.22218374]
632	11.68764771991501	False	[10.09308922 10.28940724 10.38281875 10.43703734 10.20186779]
633	11.68764771991501	False	[10.69029326 10.57560184 10.2        10.39687902 10.50830972]
634	11.68764771991501	False	[10.19988742 10.10709737 10.1        10.19575796 10.69271279]
635	11.68764771991501	False	[10.         11.05933311 11.23479119 10.70217155 10.67612384]
636	11.68764771991501	False	[10.4883861  10.2        10.1        10.26059852 10.41678937]
637	11.68764771991501	False	[10.51635284 10.10037582 10.1        10.26449743 10.37899818]
638	11.68764771991501	False	[10.18908192 10.68457208 10.28797894 10.88135073 10.6740876 ]
639	11.68764771991501	False	[10.27428071 10.1        10.17862679 10.16218781 10.2       ]
640	11.68764771991501	False	[10.25681228 10.28461519 10.1        10.29339143 10.09479782]
641	11.68764771991501	False	[10.12849368 10.         10.40210554 10.29057709 10.34622387]
642	11.68764771991501	False	[10.26940126 10.77905367 10.68190392 10.77517533 10.2       ]
643	11.68764771991501	False	[10.37395295 10.2        10.18017168 10.         10.39365572]
644	11.68764771991501	False	[11.23377345 11.14523846 10.1        11.14810184 10.88684674]
