1	10.781391475980069	True	[10.57260195 10.3        10.7065995  10.2        10.78139148]
2	10.972189002733801	True	[10.         10.74175474 10.80374117 10.70553372 10.972189  ]
3	10.972189002733801	False	[10.82026315 10.2        10.1        10.2        10.83591812]
4	10.972189002733801	False	[10.57733442 10.19197897 10.19951608 10.33462393 10.34651598]
5	11.36773546276503	True	[11.18299809 10.2        11.23892012 10.1        11.36773546]
6	11.36773546276503	False	[10.2        10.23846734 10.31294233 10.2        10.36171276]
7	11.36773546276503	False	[10.79581744 10.70254136 10.18541685 10.56515837 10.        ]
8	11.36773546276503	False	[10.63892946 10.1        10.383928   10.71128693 10.66877768]
9	11.36773546276503	False	[10.6078585  10.65594507 10.29413451 10.54363318 10.43325903]
10	11.36773546276503	False	[10.51886077 10.73596109 10.2        10.62598625 10.93814821]
11	11.36773546276503	False	[11.03832362 11.08874092 11.05640903 10.2         9.9       ]
12	11.36773546276503	False	[11.1170732  11.0413205  10.8784025  10.78458386 11.29328945]
13	11.36773546276503	False	[10.2        10.28166561 10.08762045 10.24612324 10.44290103]
14	11.36773546276503	False	[10.39041663 10.48112813 10.0921601  10.31995144 10.47939489]
15	11.36773546276503	False	[10.81238907 10.87095291 10.66470756 10.7110088  10.75867737]
16	11.36773546276503	False	[10.24928608 10.1        10.2        10.1         9.8653334 ]
17	11.36773546276503	False	[10.2        10.2        11.32435517 10.         10.59781669]
18	11.36773546276503	False	[10.16444548 10.21672884 10.22194241  9.98554359 10.20293717]
19	11.36773546276503	False	[11.1126445  11.12854668 11.14546627 11.05966957 10.81320135]
20	11.36773546276503	False	[10.5653783  10.67791075 10.49116961 10.58634513 10.61945102]
21	11.36773546276503	False	[10.1         9.84715818 10.19527129 10.06924135 10.1       ]
22	11.36773546276503	False	[10.61034445 10.71016752 10.43970872 10.76185764 10.77490177]
23	11.36773546276503	False	[10.16067076 10.57422853 10.63432578 10.41675887 10.68603544]
24	11.36773546276503	False	[10.64705289 10.56103373 10.1         9.99535442 10.28834528]
25	11.36773546276503	False	[10.73016154 10.85618987 10.84903972 10.21421261 11.0783497 ]
26	11.36773546276503	False	[10.07774634 10.14142559 10.2        10.29689033 10.28670214]
27	11.36773546276503	False	[10.06859712 10.28204638 10.2        10.28335984 10.4814205 ]
28	11.36773546276503	False	[10.09075031 10.93055859 10.18478103 11.06539204 10.19141358]
29	11.36773546276503	False	[10.2        10.83406508 10.1        10.8130325  10.        ]
30	11.36773546276503	False	[10.0776535  10.18756402 10.27462676 10.11249478 10.        ]
31	11.36773546276503	False	[10.40438074 10.2        10.27197218 10.58395934 10.48275111]
32	11.36773546276503	False	[10.2        10.         10.34796821 10.2        10.1501813 ]
33	11.36773546276503	False	[10.50018188 10.54414091 10.69983744 10.71557112 10.72033995]
34	11.412567095213824	True	[11.4125671  10.9392894  10.81534383 10.29403846 10.99549581]
35	11.412567095213824	False	[11.27355453 10.91862207 10.11864182 10.1        11.05163998]
36	11.412567095213824	False	[10.43103376 10.51067303 10.1        10.45266978 10.13160155]
37	11.412567095213824	False	[10.83886885 10.58421928 10.75016066 11.15553358 10.1       ]
38	11.412567095213824	False	[10.44846868 10.45339183 10.2        10.55302408 10.53406458]
39	11.412567095213824	False	[10.3983117  10.17721988 10.2433046  10.10564549 10.42620461]
40	11.412567095213824	False	[10.66854072 10.42850684 10.66341812 10.28938528 10.3974802 ]
41	11.412567095213824	False	[10.36603377 10.2        10.46298814 10.34248055 10.4476751 ]
42	11.412567095213824	False	[10.69666691 10.59121583 10.1        10.4881092  10.66776644]
43	11.412567095213824	False	[10.19221629 10.31003145 10.95282394 10.78385731 10.79010918]
44	11.412567095213824	False	[10.14246753 10.10961451 10.31898654  9.87334302 10.24994311]
45	11.412567095213824	False	[11.07456197 11.04287708 10.2        10.99248086 10.8584921 ]
46	11.412567095213824	False	[10.95931366 10.79376168 10.2        11.16530171 10.32049198]
47	11.412567095213824	False	[10.2        10.86485741 10.1        10.70218002 10.58956053]
48	11.412567095213824	False	[11.05680338 10.         11.35884379 11.20189927 11.11806151]
49	11.412567095213824	False	[10.47292415 10.57746806 10.70165413 10.1        10.44451987]
50	11.412567095213824	False	[10.1        10.2        11.06428877 11.11715071 10.9819819 ]
51	11.518042217689315	True	[11.51804222 10.2        11.11451583 11.13223803 10.93066787]
52	11.518042217689315	False	[ 9.9        10.1        11.48170833 11.23655793 11.37666277]
53	11.518042217689315	False	[10.09910657 10.57260796 10.2        10.63581435 10.2       ]
54	11.518042217689315	False	[11.03368417 10.2        11.07906136 11.03730832 10.83346383]
55	11.518042217689315	False	[10.32561078 10.64680515 10.82367013 10.97004491 10.92636288]
56	11.518042217689315	False	[10.38497958 10.18726179 10.27553473 10.1        10.12695575]
57	11.518042217689315	False	[10.74633851 10.80477231 10.9410181  10.82008958 10.90967681]
58	11.518042217689315	False	[10.54279181 10.63552498 10.2        10.2        10.29932425]
59	11.518042217689315	False	[10.79197892 10.1        10.35888807 10.17561644 10.38258642]
60	11.518042217689315	False	[10.2        11.27093689 11.26653759 11.16481133 10.19014581]
61	11.518042217689315	False	[10.67459686 10.52943312 10.57753784 10.27863782 10.56149707]
62	11.518042217689315	False	[10.2         9.95454849 10.2        10.27312018 10.24748235]
63	11.518042217689315	False	[10.80305869 10.74269261 10.74070063 10.1        10.1       ]
64	11.518042217689315	False	[10.1         9.9        10.25197517 10.2        10.08949513]
65	11.729863805966307	True	[11.25473116 11.27886991 11.72986381 11.32869262 11.50876009]
66	11.729863805966307	False	[11.3063061  11.01195369 10.90475413 10.28993707 11.10698469]
67	11.729863805966307	False	[10.2797318  10.45350268 10.1        10.1        10.34766967]
68	11.729863805966307	False	[10.1        10.70899596 10.1        10.33383176 10.66875402]
69	11.729863805966307	False	[10.1977697  10.1        11.40741847 10.9210952  11.02514106]
70	11.729863805966307	False	[10.39928421 10.39884254 10.36638596 10.2973729  10.45673023]
71	11.729863805966307	False	[10.2        10.22995852 10.35210084 10.25126168 10.1519927 ]
72	11.729863805966307	False	[10.27543599 10.61390365 10.22437999 10.48096126 10.539348  ]
73	11.729863805966307	False	[ 9.98325439 10.5863021  10.45568682 10.1        10.1175504 ]
74	11.729863805966307	False	[10.36122657 10.1        10.40728098 10.         10.16995217]
75	11.729863805966307	False	[10.77129695 10.2        10.61371835 10.56097509 10.        ]
76	11.729863805966307	False	[10.1        10.2        10.2        10.79132905 10.18586763]
77	11.729863805966307	False	[10.2        10.04716567 10.06657253 10.1        10.18523188]
78	11.729863805966307	False	[10.2         9.98018775 10.24131262 10.22339133 10.08301915]
79	11.729863805966307	False	[10.44172014 10.33598987 10.2        10.2        10.2       ]
80	11.729863805966307	False	[10.2931402  10.1        10.88624268 10.2        10.1       ]
81	11.729863805966307	False	[10.24127202 10.36715302 10.35726883 10.21795134 10.1       ]
82	11.729863805966307	False	[10.0647752  10.3        10.40734652 10.57511401 10.19756912]
83	11.729863805966307	False	[10.3        10.23930538 10.1        10.15819952 10.4620135 ]
84	11.729863805966307	False	[10.19734511 10.         10.9612324  11.05670877 10.1       ]
85	11.729863805966307	False	[10.2        11.02008787 10.1        10.89347695 10.71168358]
86	11.729863805966307	False	[10.1        10.85068893 11.04918833 10.39981758 10.97861413]
87	11.729863805966307	False	[10.90488392 10.1        10.46203769 10.86746767 10.77456956]
88	11.729863805966307	False	[10.43839863 10.41382785 10.42506671 10.45312787 10.40625375]
89	11.729863805966307	False	[11.03193999 10.1        10.21279335 10.2        11.30467118]
90	11.729863805966307	False	[10.31612106 10.92161909 10.27703115 10.1        10.2       ]
91	11.729863805966307	False	[10.2        10.21108213 10.96722718 10.91074846 10.3028314 ]
92	11.729863805966307	False	[10.81575179 10.77753649 10.71995563 10.72060978 10.76008041]
93	11.729863805966307	False	[10.2        10.1        10.90424188 11.13124564 10.99408516]
94	11.729863805966307	False	[10.00139238 10.20664832 10.2        10.02339528 10.12413648]
95	11.729863805966307	False	[10.29899204 10.2        10.17769692 10.1        10.1       ]
96	11.729863805966307	False	[10.16512758 10.15098618 10.13830751 10.56314673 10.08564463]
97	11.729863805966307	False	[11.11414353 10.3        11.25490237 10.2867758  10.2       ]
98	11.729863805966307	False	[10.1        10.82891707 10.2        10.89976112 10.82623338]
99	11.729863805966307	False	[10.11393541 10.17089975  9.96597078  9.99358728 10.1       ]
100	11.729863805966307	False	[10.61202706 10.65250868 10.36038222 10.1        10.72668156]
101	11.729863805966307	False	[10.80034018 10.7109589  10.1        10.63264068 10.1       ]
102	11.729863805966307	False	[10.81349678 10.2        10.2        10.1        10.10772261]
103	11.729863805966307	False	[10.28742685 11.46758508 10.19593043 11.09557719 11.19746888]
104	11.729863805966307	False	[10.14707924 10.21383903 10.10472267 10.         10.49727996]
105	11.729863805966307	False	[10.13076454 10.27889449 10.26298717 10.18109046 10.27467128]
106	11.729863805966307	False	[10.1        11.16992231 10.95785891 10.74183214 11.00398332]
107	11.729863805966307	False	[10.2        10.1404924  10.5300921  10.2        10.45217901]
108	11.729863805966307	False	[10.79842463 10.0982244  10.85168431 10.69481835 10.58141339]
109	11.729863805966307	False	[10.08402785 10.3542982  10.28644648 10.2         9.97389059]
110	11.729863805966307	False	[10.09985645 10.1        10.83198656 10.1        10.91354511]
111	11.729863805966307	False	[10.29657963 10.29325423 10.17530726 10.2        10.82950693]
112	11.729863805966307	False	[10.53309579 10.2        10.1        10.69130846 10.1       ]
113	11.729863805966307	False	[10.47405523 10.83316287 10.66669617 10.74727294 10.27995967]
114	11.729863805966307	False	[10.18334505 10.60197766 10.19193342 10.75908499 10.19220398]
115	11.729863805966307	False	[10.57885248 10.1        10.1        10.78937653 10.55516681]
116	11.729863805966307	False	[10.41386514 10.2        10.21592425 10.34729745 10.5968458 ]
117	11.729863805966307	False	[11.3443053  11.10670304 10.93965862 10.96595187 10.99007922]
118	11.729863805966307	False	[10.1        10.95994857 10.2        10.29705413 10.17935956]
119	11.729863805966307	False	[10.895764   10.7238199  10.96060754 10.94307538 10.90621257]
120	11.729863805966307	False	[10.1         9.60245045 10.12815253 10.2        10.02686902]
121	11.729863805966307	False	[10.1        10.8575885  10.2        10.91391296 10.2       ]
122	11.729863805966307	False	[11.09055456 10.1        11.24953178 10.3203566  10.94198058]
123	11.729863805966307	False	[10.70540229 10.1        11.31306906 11.07298109 11.20360452]
124	11.729863805966307	False	[10.56215044 10.12736142 10.60303064 10.47560891 10.2       ]
125	11.729863805966307	False	[10.55277687 10.56180084 10.40926767 10.1        10.42924202]
126	11.729863805966307	False	[10.90912255 10.64104233 11.01034539 10.2        10.10232793]
127	11.729863805966307	False	[10.1        11.26427294 11.29472936 11.17895592 11.21461103]
128	11.729863805966307	False	[11.09594157 11.08809591 10.1        10.86357081 10.        ]
129	11.729863805966307	False	[10.58877646 10.3972647  10.29537919 10.25563137 10.1       ]
130	11.729863805966307	False	[10.19650903 10.45970437 10.12944352 10.5030271  10.096426  ]
131	11.729863805966307	False	[10.2        10.2        11.11047587 11.14640029 11.09335209]
132	11.729863805966307	False	[ 9.9588321  10.05653921 10.09481486 10.2        10.1       ]
133	11.729863805966307	False	[11.43274779  9.8        10.90260037 10.2        10.19676236]
134	11.729863805966307	False	[10.21148371  9.9        10.18685792 10.1        10.15909876]
135	11.729863805966307	False	[11.14060979 10.88831989 11.03635816 10.2        10.95128127]
136	11.729863805966307	False	[10.1        10.86460349 11.04285634 10.86775102 10.2       ]
137	11.729863805966307	False	[10.56173726 10.04672542 10.28422135 10.34055747 10.2       ]
138	11.729863805966307	False	[10.66131714 10.1        10.1        10.2820262  10.1       ]
139	11.729863805966307	False	[10.39145836 10.62418585 10.33444454 10.41400316 10.07511495]
140	11.729863805966307	False	[10.54627564 10.9950287  10.87474458 10.1        10.9398513 ]
141	11.729863805966307	False	[10.68476359 10.1        10.73039567  9.89465128 10.76324054]
142	11.729863805966307	False	[10.17836969  9.98407013 10.06840176  9.84406371 10.1       ]
143	11.729863805966307	False	[10.2        10.52000321 10.1        10.31274423 10.82816795]
144	11.729863805966307	False	[10.5434221  11.11616257 10.95045283 10.68949187 10.29027438]
145	11.729863805966307	False	[10.66359042 10.1        10.59972671 10.2        10.61339988]
146	11.729863805966307	False	[10.7146705  10.89183778 10.85566512 11.10793995 10.30365131]
147	11.729863805966307	False	[10.73510705 10.51791243 10.72169723 10.2        10.81106335]
148	11.729863805966307	False	[10.19577489 10.1        11.27187383 10.87638718 10.90726666]
149	11.729863805966307	False	[10.64052629 10.59678786 10.84634181 10.70844191 10.76987122]
150	11.729863805966307	False	[10.28952183 10.36553472 10.32301202  9.95701474 10.54661151]
151	11.729863805966307	False	[10.2        11.08037488 11.17865795 10.89563832 11.38253893]
152	11.729863805966307	False	[10.2        11.04576364 10.19125712 10.9181023  10.2       ]
153	11.729863805966307	False	[10.53421328 10.5459135  10.29341478 10.1        10.52930934]
154	11.729863805966307	False	[10.17162506  9.92225802  9.49762901 10.03582134 10.1       ]
155	11.729863805966307	False	[10.         10.1        10.2        10.66745922 11.0346081 ]
156	11.729863805966307	False	[10.80322937 10.67568071 10.976507   10.21489927 10.1972596 ]
157	11.729863805966307	False	[11.12143783 10.96487795 11.05905045 10.8735996  10.93331249]
158	11.729863805966307	False	[10.57487324 10.54143105 10.54986544 10.56186477 10.64859784]
159	11.729863805966307	False	[10.29207338 10.36316918 10.1        11.21596645 10.20811804]
160	11.729863805966307	False	[10.88236713 10.94596746 10.67769097 10.1        10.88582338]
161	11.729863805966307	False	[10.71835615 10.70970537 10.83702865 10.4894762  10.55584227]
162	11.729863805966307	False	[10.58930894 10.33015584 10.0976596  10.18565887 10.52060515]
163	11.729863805966307	False	[10.5740235  10.2        10.65174631 10.69145968 10.40414427]
164	11.729863805966307	False	[10.200339   10.72902953 11.13395252 10.93728057 11.10034572]
165	11.729863805966307	False	[10.22157502 10.20786896 10.36325502 10.         10.3177594 ]
166	11.729863805966307	False	[10.163758   10.19052293 10.16939419 10.27187704 10.11044426]
167	11.729863805966307	False	[10.97352656 10.2        10.2        11.06218625 10.2       ]
168	11.729863805966307	False	[11.12914188 11.21293595 11.0418366  11.07581277 10.83680947]
169	11.729863805966307	False	[10.44699124 10.2        10.1        10.38551901 10.5372057 ]
170	11.729863805966307	False	[10.87754619 10.2        10.90943937 10.         11.00473724]
171	11.729863805966307	False	[10.36447557 10.30036987 10.54941185 10.2        10.2       ]
172	11.729863805966307	False	[10.2        10.38613179 11.22391008 11.28235163 10.27795375]
173	11.729863805966307	False	[10.08669167 10.1        10.4057943  10.58731114 10.68865644]
174	11.729863805966307	False	[10.1        10.1        11.29279554 11.30983366 10.1       ]
175	11.729863805966307	False	[10.37478323 10.1        10.46763774 10.2        10.15167862]
176	11.729863805966307	False	[11.03201953 11.02470867 11.15801762 11.43972344 11.11808702]
177	11.729863805966307	False	[10.67751421 10.72331776 10.2        10.61481049 10.73898528]
178	11.729863805966307	False	[10.46285309 10.10203325 10.2        10.63625657 10.1       ]
179	11.729863805966307	False	[10.2        10.19535224 10.32180188 10.33783174 10.1       ]
180	11.729863805966307	False	[10.34255279 10.46779022 10.70931345 10.3173853  10.59594414]
181	11.729863805966307	False	[10.33621934 10.40919769 10.69557989 10.43059849 10.33336748]
182	11.729863805966307	False	[10.28388777 11.14433312 11.37508638 10.1        11.00482331]
183	11.729863805966307	False	[10.2        10.32078439 10.74130884 10.68798358 10.51924973]
184	11.729863805966307	False	[10.4483441  10.34507027 10.29126548 10.46736807 10.66325716]
185	11.729863805966307	False	[10.92239178 10.88516426 10.7967684  10.68632002 10.66977545]
186	11.729863805966307	False	[10.2        10.28455284 10.28176788 10.1        10.21748143]
187	11.729863805966307	False	[10.2        10.1        10.48600923 10.88457327 10.71133583]
188	11.729863805966307	False	[10.53429103 10.1        10.49300021 10.59741765 10.3188472 ]
189	11.729863805966307	False	[10.2        10.00719722 10.17440722 10.38004498 10.41915328]
190	11.729863805966307	False	[10.2        10.200471   10.1        10.         10.06247147]
191	11.729863805966307	False	[10.88907018 10.18470564 10.18648854 10.63672488 10.1       ]
192	11.729863805966307	False	[10.29068331 10.83829894 10.1        10.54069618 10.87056731]
193	11.729863805966307	False	[10.61704902 10.18906149 10.71120792 10.1        10.51372215]
194	11.729863805966307	False	[10.20953387 10.449359   10.43198563 10.19785583 10.53218455]
195	11.729863805966307	False	[10.20990303 11.12047419 10.2        10.96385871 10.1       ]
196	11.729863805966307	False	[10.54283832 10.9314121  10.1        10.68677619 10.70490761]
197	11.729863805966307	False	[10.64363093 10.7534869  10.68885807 10.1        10.1       ]
198	11.729863805966307	False	[11.2278066  10.73577447 11.26507356 11.3494543  11.38127888]
199	11.729863805966307	False	[10.30200536 10.1934055  11.04216645 11.31135784 11.17919459]
200	11.729863805966307	False	[10.36306229 10.30219384 10.28456022 10.30402449 10.31553195]
201	11.729863805966307	False	[10.46060484 10.26494601 10.36555038 10.27771377 10.24609467]
202	11.729863805966307	False	[10.81474092 10.4320265  10.75521393 10.2        10.45858069]
203	11.729863805966307	False	[10.68063193 10.94832502 10.72786992 10.72074967 10.79294997]
204	11.729863805966307	False	[10.22388668 10.08793488 10.17913227 10.25800403 10.22781286]
205	11.729863805966307	False	[10.45476279 10.1        10.38222629 10.19094555 10.54534384]
206	11.729863805966307	False	[10.70800091 10.1        10.50864492 10.9717328  10.7336731 ]
207	11.729863805966307	False	[10.75273532 10.1        10.5386388  10.2        10.60731464]
208	11.729863805966307	False	[10.2        11.01505319 10.8667677  10.73395497 10.1       ]
209	11.729863805966307	False	[10.00945898 10.20549237 10.1        10.07853588 10.27788151]
210	11.729863805966307	False	[10.09940584 10.14283126  9.82559423 10.2        10.18120518]
211	11.729863805966307	False	[10.1        10.45491842 10.2        10.60223458 10.78249068]
212	11.729863805966307	False	[10.84807534 10.1        10.98153134 11.1537139  10.        ]
213	11.729863805966307	False	[10.18082905 10.1        10.72367161 10.51038365 10.3       ]
214	11.729863805966307	False	[10.58741688 10.37657013 10.26974123 10.1        10.1       ]
215	11.729863805966307	False	[11.06838985 10.86236309 10.71849883 10.83399495 10.31444954]
216	11.729863805966307	False	[10.31512612 10.22675704 10.26629241 10.28852585 10.13049852]
217	11.729863805966307	False	[10.94777669 10.2        10.97475772 11.11885379 10.99510257]
218	11.729863805966307	False	[10.34641095 10.48939825 10.29688455 10.38024533 10.54294388]
219	11.729863805966307	False	[10.2        10.21586171 11.14687826 11.00462723 11.02532271]
220	11.729863805966307	False	[10.07474968 10.20631952 10.17937252 10.2        10.00732754]
221	11.729863805966307	False	[11.02308306 11.18108761 10.1        10.86135914 11.01832271]
222	11.729863805966307	False	[10.04487211 10.18134179 10.1        10.29199273 10.11665872]
223	11.729863805966307	False	[10.31649564 10.3        10.2        10.1604748  10.29703468]
224	11.729863805966307	False	[10.09495018 10.18090425 10.464614   10.60191516 10.42233879]
225	11.729863805966307	False	[11.04208946 10.         10.58033065 10.98213824 10.95982907]
226	11.729863805966307	False	[10.13349603 10.36210993  9.97098564 10.29872148 10.11559132]
227	11.729863805966307	False	[10.12316878 10.10627888 10.25803311 10.01224305 10.02824322]
228	11.729863805966307	False	[10.41630838  9.9239627  10.2        10.4017053  10.1       ]
229	11.729863805966307	False	[10.2        10.38929949 10.1        10.28215523 10.        ]
230	11.729863805966307	False	[11.56580587 10.19423947 11.17951582 10.2        10.67258241]
231	11.729863805966307	False	[10.72425696 10.60806746 10.69247137 10.20642827 10.1       ]
232	11.729863805966307	False	[10.19655602 10.90260247 11.01966791 10.54050303 10.81516423]
233	11.729863805966307	False	[10.63359501 10.2        10.2        10.64895254 10.        ]
234	11.729863805966307	False	[10.21247901 10.17886806 10.70046035 10.39244523 10.23633285]
235	11.729863805966307	False	[10.45775031 10.2        10.6132792  10.30010209 10.2       ]
236	11.729863805966307	False	[10.1        11.37251773 11.4029373  10.86589372 11.20240059]
237	11.729863805966307	False	[10.19596034 10.27678842 10.29398158 10.1        10.65412173]
238	11.729863805966307	False	[10.18800172 10.20757294 10.15833662 10.30696769 10.27133676]
239	11.729863805966307	False	[11.28703083 10.19743486 10.2        11.13712226 11.14934616]
240	11.729863805966307	False	[10.2        10.17972102 10.073702   10.07913768  9.99661806]
241	11.729863805966307	False	[10.1        10.1        10.82153529 11.08928119 10.81276453]
242	11.729863805966307	False	[10.3        10.3        10.28065892 10.16006991 10.62847373]
243	11.729863805966307	False	[10.19638301 10.54425325 10.30174397 10.2        10.1       ]
244	11.729863805966307	False	[10.         11.24059398 10.90475794 10.2        10.19179814]
245	11.729863805966307	False	[11.26003133 10.2        11.10087522 10.1        11.27249843]
246	11.729863805966307	False	[10.49813772 10.73858746 10.2        10.         10.1       ]
247	11.729863805966307	False	[10.35166392 10.57743433 10.29197101 10.24015451 10.5436605 ]
248	11.729863805966307	False	[10.43342466 10.68466661 10.66472214 10.2        10.8365852 ]
249	11.729863805966307	False	[10.10013462 10.2        10.41800874 10.1        10.39660323]
250	11.729863805966307	False	[10.62841608 10.1        10.78159917 11.014517   10.95279929]
251	11.729863805966307	False	[10.96879585 11.31376132 11.22851895 10.20752805 11.3691628 ]
252	11.729863805966307	False	[10.92166194 10.1035484  10.99148051 11.08990432 11.05382153]
253	11.729863805966307	False	[10.2        10.37714794 10.1        10.5739256  10.46085936]
254	11.729863805966307	False	[10.2        11.14150955 10.92070965 10.         10.2       ]
255	11.729863805966307	False	[11.1771386  10.1        10.69518938 10.99145841 11.09667788]
256	11.729863805966307	False	[10.88571096 10.1        10.70288531 10.85940858 10.79332121]
257	11.729863805966307	False	[10.40100099 10.31909417 10.06183236 10.25464011 10.51249703]
258	11.729863805966307	False	[10.19682633 10.30010125 10.8109107  10.35311451 10.2       ]
259	11.729863805966307	False	[10.2        10.19831311 11.37404373 11.15187783 10.1       ]
260	11.729863805966307	False	[10.         11.13618471 10.0867035  10.1        10.        ]
261	11.729863805966307	False	[10.14596113 10.33599506  9.9752408  10.41063293 10.1       ]
262	11.729863805966307	False	[10.48343827 10.47875084 10.1938511  10.22666367 10.1       ]
263	11.729863805966307	False	[10.4006228  10.5210431   9.98183505 10.1        10.63491676]
264	11.729863805966307	False	[10.2713664  10.43687821 10.27551083 10.33123495 10.1       ]
265	11.729863805966307	False	[10.1        10.96071387 10.77187373 10.82630069 10.85808569]
266	11.729863805966307	False	[ 9.8        11.35240983 10.2        10.1        11.40995015]
267	11.729863805966307	False	[10.27981015 10.1         9.92432781 10.2        10.42524909]
268	11.729863805966307	False	[10.76102816 10.1        10.75549182 10.41235277 10.2       ]
269	11.729863805966307	False	[10.45419846 10.64732238 10.7412633  11.0056348  10.2       ]
270	11.729863805966307	False	[10.94575473 10.1        10.2        10.70169852 10.83248785]
271	11.729863805966307	False	[10.81749629 10.87726477 10.68769326 10.85470515 10.2       ]
272	11.729863805966307	False	[10.47945333 10.18658884 10.1        10.73465368 10.18707985]
273	11.729863805966307	False	[10.78309897 10.82174723 10.99297647 10.2        10.2       ]
274	11.729863805966307	False	[10.68355423 10.2        10.1        10.1        10.1       ]
275	11.729863805966307	False	[ 9.98429434 10.69534768 10.71682343 10.49113401 10.6658376 ]
276	11.729863805966307	False	[10.1        11.3872878  11.19505948 11.41439189 10.1       ]
277	11.729863805966307	False	[10.2        10.20889143 10.30037266 10.1        10.2       ]
278	11.729863805966307	False	[10.24902555 10.83633483 10.60413035 10.61974469 10.1       ]
279	11.729863805966307	False	[ 9.99320894 10.10326086 10.13793944  9.94787291  9.88924026]
280	11.729863805966307	False	[10.34423938 10.29076767 10.29134817 10.54538011 10.93864542]
281	11.729863805966307	False	[10.92865012 10.29669356 10.2903389  11.24037659 11.04593074]
282	11.729863805966307	False	[10.79277308 11.04091064 10.2        10.8202551  10.2       ]
283	11.729863805966307	False	[10.1        10.17456145 10.4036851  10.22554287 10.2784547 ]
284	11.729863805966307	False	[11.00853013 11.15864305  9.97673521 10.7028403  10.2       ]
285	11.729863805966307	False	[10.85841885 10.6477545  10.27778005 10.65415052 10.48738123]
286	11.729863805966307	False	[10.64218894 10.78610896 10.1        10.73505201 10.67943695]
287	11.729863805966307	False	[10.47733136 10.36218394 10.2        10.38135303 10.42984128]
288	11.729863805966307	False	[10.1        10.1        10.2        10.16876091  9.89192375]
289	11.729863805966307	False	[10.84672991 10.89756925 10.30206888 11.09865962 10.96058163]
290	11.729863805966307	False	[10.2        10.1532569  10.37838861 10.1563915  10.1       ]
291	11.729863805966307	False	[10.2        10.19207018 10.31850721 10.1        10.1       ]
292	11.729863805966307	False	[10.29377923 10.02053995 10.1        10.2        10.31420629]
293	11.729863805966307	False	[10.1414074  10.2        10.1        10.27601272  9.92918081]
294	11.729863805966307	False	[10.2083223  10.         10.08592612 10.57209825 10.29513749]
295	11.729863805966307	False	[10.07646958 10.26851061  9.76199265  9.962431    9.80905001]
296	11.729863805966307	False	[10.50290306 10.37316319 10.45192074 10.37525281 10.32287864]
297	11.729863805966307	False	[11.12785581 11.06673899 11.03461427 10.         10.98895176]
298	11.729863805966307	False	[10.1         9.84991827 10.27536362  9.85725691 10.2       ]
299	11.729863805966307	False	[10.27308987 10.3        10.45772081 10.37870788 10.40250692]
300	11.729863805966307	False	[10.9789322  10.1        10.68313223 10.1        10.1       ]
301	11.729863805966307	False	[10.32308888 10.1        10.2         9.85860883 10.1029528 ]
302	11.729863805966307	False	[10.         10.1        10.2        11.1087437  10.60151539]
303	11.729863805966307	False	[10.37626931 10.1        10.42956924 10.19838085 10.35593759]
304	11.729863805966307	False	[10.72158316 10.28887494 10.1        10.48728762 10.60854009]
305	11.729863805966307	False	[10.82316264 10.59914514 10.41424403 10.63990157 10.        ]
306	11.729863805966307	False	[11.27029437 10.         11.37745416 11.27838154 11.38133129]
307	11.729863805966307	False	[10.75089739 11.11164991 10.94095928 10.51946092 10.73137353]
308	11.729863805966307	False	[10.4097706  10.82085634 10.65000052 10.         10.66921944]
309	11.729863805966307	False	[10.1874137  10.47625703 10.34386859 10.17130439 10.15604561]
310	11.729863805966307	False	[10.1        10.59207428 10.50121816 10.2        10.29798852]
311	11.729863805966307	False	[10.         10.04882264 10.27729223 10.14137655 10.2       ]
312	11.729863805966307	False	[10.3018213  10.31300314 10.20648089 10.1        10.49749554]
313	11.729863805966307	False	[10.01433825 10.1        10.3        10.18375113 10.2       ]
314	11.729863805966307	False	[10.11884216 10.1        11.05273666 11.02724449 11.04388099]
315	11.729863805966307	False	[10.1        11.03747486 11.13129932 10.3        10.1       ]
316	11.729863805966307	False	[10.2609563  10.1        10.01546936 10.30018932 10.24240718]
317	11.729863805966307	False	[10.27759859 10.49311256 10.55673216 10.55512507 10.3       ]
318	11.729863805966307	False	[10.95375328 10.1        10.2        11.10714435 10.77878984]
319	11.729863805966307	False	[10.17575236 10.2        10.1        11.15548453 10.1       ]
320	11.729863805966307	False	[10.2        10.75388381 10.29352378 10.20145947 10.49973167]
321	11.729863805966307	False	[10.7106135  10.2        10.79116349 10.84189587 10.72973472]
322	11.729863805966307	False	[11.11286372 11.43126025 11.13144638 11.15769553 10.90653753]
323	11.729863805966307	False	[10.78193904 10.2        10.53537278 10.63441743 10.67513476]
324	11.729863805966307	False	[10.1        10.63519611 10.81466111 10.1        10.71770844]
325	11.729863805966307	False	[11.19039672 10.2        10.         11.09737029 11.49168541]
326	11.729863805966307	False	[10.70584406 10.17704331 10.9430877  10.72013615 10.15422799]
327	11.729863805966307	False	[10.72770843 10.98636114 10.96360426 10.83196856 10.19600037]
328	11.729863805966307	False	[ 9.7        10.97674189 10.878059   10.2003579  10.1       ]
329	11.729863805966307	False	[10.79915201 10.1        10.40687783 10.3        10.1       ]
330	11.729863805966307	False	[10.17729067 10.50158939 10.15683273 10.39493108 10.48595219]
331	11.729863805966307	False	[10.19002239 10.15967056 10.2        10.22896345  9.99805457]
332	11.729863805966307	False	[10.1        10.19362419 10.09201048 10.89538653 10.99994165]
333	11.729863805966307	False	[10.1        10.19364465 10.6303506  10.76270382 10.1       ]
334	11.729863805966307	False	[10.1        11.24492322 11.08877244 11.04382065 11.58513139]
335	11.729863805966307	False	[10.2        10.59032295 10.50610647 10.58229391 10.2779897 ]
336	11.729863805966307	False	[10.69581432 10.69205168 10.82291782 10.2        10.78291312]
337	11.729863805966307	False	[10.2        10.2        10.81701091 10.2        10.173493  ]
338	11.729863805966307	False	[10.16610885 10.1        10.3092727  10.2        10.53218874]
339	11.729863805966307	False	[10.39840527 10.97659105 11.03121212 11.30952392 10.73352353]
340	11.729863805966307	False	[10.57876758 10.3        10.98157931 10.1        10.72644013]
341	11.729863805966307	False	[10.1        10.41265425 10.204499   10.29553904  9.9       ]
342	11.729863805966307	False	[10.90798806 10.7989234  10.63320317 10.2        10.18920475]
343	11.729863805966307	False	[ 9.88432033  9.68386916 10.3624313  10.20709668  9.83799226]
344	11.729863805966307	False	[11.19611285 10.1        10.81428689 10.2        10.2       ]
345	11.729863805966307	False	[10.1892389  10.28727756 10.49479762 10.38579547 10.51886885]
346	11.729863805966307	False	[10.2        10.20812228 11.39071116 11.435809   11.18596623]
347	11.729863805966307	False	[10.39539157 10.1        10.2        10.29048467 10.2       ]
348	11.729863805966307	False	[10.94367446 10.90584225 10.18941831 10.73063512 10.1       ]
349	11.729863805966307	False	[10.9279961  10.98602388 10.2        10.84416215 11.03471384]
350	11.729863805966307	False	[10.28521295 10.07213446 10.1        10.38227753 10.1       ]
351	11.729863805966307	False	[10.40776876 10.87632083 10.30326873 10.5312224  10.63106373]
352	11.729863805966307	False	[10.98231777 10.29582768 10.94055351 10.90951782 10.79392545]
353	11.729863805966307	False	[10.1        10.0698636  10.24825412 10.38178669 10.20944305]
354	11.729863805966307	False	[10.05122247 10.07929714 10.24441112 10.26455372  9.98202471]
355	11.729863805966307	False	[10.09757371 10.23387792 10.29019547 10.55353422 10.20391086]
356	11.729863805966307	False	[10.18219279  9.94908803 10.35278252 10.11530941 10.15734744]
357	11.729863805966307	False	[10.2        10.27775365 10.34747613 10.02337905 10.17418869]
358	11.729863805966307	False	[10.66933601 10.19245857 10.83841588 10.2        10.1       ]
359	11.729863805966307	False	[10.87889933 10.93694683 10.90338535 10.1        10.94983595]
360	11.729863805966307	False	[10.96506257 11.15072746 10.99178417 10.08754797 11.61307693]
361	11.729863805966307	False	[10.19146722 10.1        10.1        10.29278429 10.1       ]
362	11.729863805966307	False	[10.3        10.0977847  10.10597463 10.42350866 10.19286114]
363	11.729863805966307	False	[10.29376641 10.24159299 10.4413473  10.34871364 10.38903155]
364	11.729863805966307	False	[11.30562282 11.15458184 11.31217413 10.87922285 11.237181  ]
365	11.729863805966307	False	[10.20358376 10.35437153 10.18910666 10.40573716 10.3       ]
366	11.729863805966307	False	[10.09948619 10.1         9.8824846  10.08703709 10.19107653]
367	11.729863805966307	False	[11.05483756 10.1        10.1        10.         10.91110687]
368	11.729863805966307	False	[10.59549787 10.1        10.1        10.28997473 10.55661415]
369	11.729863805966307	False	[11.01411973 10.29245262 10.82486203 10.73199109 10.94424563]
370	11.729863805966307	False	[10.49584556 10.20098962 10.06034069 10.17967271 10.52892155]
371	11.729863805966307	False	[10.93309339 10.66741908 10.2        11.02989493 10.2       ]
372	11.729863805966307	False	[10.65927495 10.2702928  10.2        10.18953828 10.13313134]
373	11.729863805966307	False	[10.10910498  9.93410088  9.95854155 10.1        10.06280787]
374	11.729863805966307	False	[11.04171414 10.61130842 10.77558477 10.         10.93920983]
375	11.729863805966307	False	[10.1        11.00984992 10.         11.07234051 10.1       ]
376	11.729863805966307	False	[10.2        10.2        10.36714744 10.1        10.70681948]
377	11.729863805966307	False	[10.3        10.1        10.38250037 10.33530476 10.1       ]
378	11.729863805966307	False	[10.8065591  10.96852275 10.29972078 10.72895061 11.10377333]
379	11.729863805966307	False	[10.27955118 10.59689843 10.1        10.28904551 10.27330875]
380	11.729863805966307	False	[10.48514603 10.28526955 10.19329044 10.19138411 10.4515854 ]
381	11.729863805966307	False	[11.22750356 10.1        10.82542417 10.2        11.21605251]
382	11.729863805966307	False	[10.73055387 10.92291864 10.1        10.7466674  10.2158049 ]
383	11.729863805966307	False	[10.1        11.14942729 10.86715061 10.78905762 11.07884451]
384	11.729863805966307	False	[10.18018183 10.04820289 10.1         9.92399376 10.02890355]
385	11.729863805966307	False	[10.78102738 11.27328131 10.98791408 11.38528106 11.34757739]
386	11.729863805966307	False	[10.24164796 10.1        10.         10.47059459 10.        ]
387	11.729863805966307	False	[10.88314128 10.92202833 10.69903173 10.78337381 10.27840363]
388	11.729863805966307	False	[10.1657931  10.12204781 10.15177099 10.08318013 10.17053793]
389	11.729863805966307	False	[11.31154634 11.01599069 10.1        10.2        11.2110666 ]
390	11.729863805966307	False	[10.28595728 10.42995778 10.1        10.65042042 10.19175566]
391	11.729863805966307	False	[11.09223329 11.09228481 10.         11.01993002 10.18977286]
392	11.729863805966307	False	[11.06696494 10.27725891 11.06394885 10.         10.20234825]
393	11.729863805966307	False	[10.2        10.30224005 10.32619404 10.1        10.28436053]
394	11.729863805966307	False	[10.64148783 10.93782184 10.99386719 10.2        10.51766531]
395	11.729863805966307	False	[11.19327866 11.24835163 11.28185069 11.0706236  10.69425947]
396	11.729863805966307	False	[10.08408857 10.11984015 10.14255614 10.2        10.2       ]
397	11.729863805966307	False	[11.09891305 10.1        11.28296896 10.2        11.13800527]
398	11.729863805966307	False	[10.27661746 11.17679829  9.7        11.04155937 10.        ]
399	11.729863805966307	False	[10.94199642 10.         10.95624002 10.6797475  10.1       ]
400	11.729863805966307	False	[10.28347349 10.36474095 10.28540832 10.24081607 10.5910646 ]
401	11.729863805966307	False	[10.1        10.36968899 10.21471136 10.34963263 10.1       ]
402	11.729863805966307	False	[10.1        11.04041534 10.2        10.20102967 10.89506673]
403	11.729863805966307	False	[10.03234965 10.28174187 10.27188957 10.2        10.07996903]
404	11.729863805966307	False	[10.01800406 10.17142108 10.17519685 10.09108086 10.        ]
405	11.729863805966307	False	[10.94928226 10.20356547 10.86127729 10.81290377 11.00295167]
406	11.729863805966307	False	[10.         10.88549479 11.02594018 10.79911464 10.8045895 ]
407	11.729863805966307	False	[10.3         9.79226941 10.78724862 10.99202761 10.9462033 ]
408	11.729863805966307	False	[10.70334125 10.65511009 10.2        10.17705363 10.93728396]
409	11.729863805966307	False	[10.91161633 10.82960391 10.20789584 10.67531829 10.79433211]
410	11.729863805966307	False	[10.45671682 10.49899921 10.63611582 10.28146122 10.1       ]
411	11.729863805966307	False	[10.84996256 10.81062397 11.11413324 10.1        10.90003175]
412	11.729863805966307	False	[10.2        10.99741275 10.79667771 10.87775241 11.00389281]
413	11.729863805966307	False	[10.74057642 10.1        10.3974289  10.95410634 10.87016339]
414	11.729863805966307	False	[10.16660215 10.2        10.3106871  10.37717599 10.45291846]
415	11.729863805966307	False	[10.1        10.89810891 10.1        10.1        10.75917284]
416	11.729863805966307	False	[10.1        10.1        11.1799146  11.00502005 11.23072898]
417	11.729863805966307	False	[10.92599451 11.19759034 11.19815087 11.0350286  11.4445154 ]
418	11.729863805966307	False	[10.1        10.04440487 10.27657002 10.28921624 10.2464881 ]
419	11.729863805966307	False	[10.68732889 10.6758843  10.85626354 10.2        10.7814771 ]
420	11.729863805966307	False	[10.1        10.78640733 11.12870421 10.96987792 10.1       ]
421	11.729863805966307	False	[10.65976716 10.84087892 10.2        10.50088028 10.28981716]
422	11.729863805966307	False	[10.2        10.74799035 10.19158062 10.5792076  10.86088842]
423	11.729863805966307	False	[10.1        10.39040402 10.16975243 10.3114817  10.27073325]
424	11.729863805966307	False	[10.64841643 10.68356324 10.1        10.2        10.90887176]
425	11.729863805966307	False	[10.38969436 10.19171157 10.19664365 10.25557495 10.25990042]
426	11.729863805966307	False	[10.1        10.1        10.35715461 10.30178029 10.17426355]
427	11.729863805966307	False	[10.1        10.86079083 10.         10.86960821 11.0829561 ]
428	11.729863805966307	False	[10.99499855 11.0848876  11.23849648 10.2        10.65926573]
429	11.729863805966307	False	[10.12682246 10.2         9.82427609 10.27706334 10.16776307]
430	11.729863805966307	False	[10.42809424 10.17645349 10.73068444 10.18508085 10.36604067]
431	11.729863805966307	False	[10.45150386 10.29832284 10.42364503 10.57886955 10.83475843]
432	11.729863805966307	False	[10.44519456 10.20311295 10.16487058 10.50832446 10.28167189]
433	11.729863805966307	False	[10.62140154 10.89152136 10.60643056 10.2        10.82151013]
434	11.729863805966307	False	[10.72650692  9.9        10.87187853 10.85027851 11.05417777]
435	11.729863805966307	False	[10.71510786 11.1830355  11.3692785  11.0544353  11.04299238]
436	11.729863805966307	False	[10.80977606 10.1        11.08961983 11.15793644 10.2       ]
437	11.729863805966307	False	[10.29249952 10.29940323 10.2        10.27978196 10.20632458]
438	11.729863805966307	False	[10.57464408 10.1        10.17586191 10.55649157 10.63261734]
439	11.729863805966307	False	[10.78399357 10.17901576 10.86533284 11.12420761 10.77992555]
440	11.729863805966307	False	[10.         10.49980753 10.1        10.27125572 10.3779801 ]
441	11.729863805966307	False	[10.39730385 10.56677169 10.73713954 10.65001011 10.52202786]
442	11.729863805966307	False	[10.94636634 11.17415506 11.27308474 10.21829464 10.2       ]
443	11.729863805966307	False	[10.26839509 11.01787079 11.09116819 10.20206114 10.1       ]
444	11.729863805966307	False	[10.2        10.10149746 10.3        10.43473289 10.35140817]
445	11.729863805966307	False	[10.18482452 10.77161548 10.1        10.74427912 10.28765131]
446	11.729863805966307	False	[10.28688815 10.1        10.22968188 10.42298617 10.3       ]
447	11.729863805966307	False	[10.39323996 10.1        10.19248814 10.2        10.58143242]
448	11.729863805966307	False	[10.1        10.2        10.84823569 10.2        10.73496014]
449	11.729863805966307	False	[10.34613867 10.08163001 10.10357905 10.4        10.13863504]
450	11.729863805966307	False	[10.10324686 10.         10.02947149 10.39938018 10.08456915]
451	11.729863805966307	False	[10.18409381 10.18661553 10.34322826 10.37449593 10.6599924 ]
452	11.729863805966307	False	[10.55917062 10.22245168 10.02474382 10.2156925  10.30157635]
453	11.729863805966307	False	[10.09848439 10.28224025 10.16005441 10.1        10.37807781]
454	11.729863805966307	False	[10.1        10.39060313 10.1        10.1689954  10.1       ]
455	11.729863805966307	False	[11.05733221  9.98963803 10.85776253 10.30468046 10.2       ]
456	11.729863805966307	False	[10.2        10.15721883 10.2        10.1        10.27058109]
457	11.729863805966307	False	[10.2964619  10.1        10.2        10.97683437 10.92724313]
458	11.729863805966307	False	[11.23275458 10.1        11.01203346 11.5224343  10.1       ]
459	11.729863805966307	False	[10.19145978  9.96677152 10.15863833 10.25652386 10.14661826]
460	11.729863805966307	False	[10.2538165  11.18986234 11.06381716 11.24436954 10.1931218 ]
461	11.729863805966307	False	[10.95359527 11.13582682 11.02745488 10.2        11.08336537]
462	11.729863805966307	False	[10.87791303 10.59286145 10.57613713 10.51342323 10.77843909]
463	11.729863805966307	False	[10.1        10.2        11.27555802 11.07178313 10.31284637]
464	11.729863805966307	False	[10.19164748 10.2        10.46209301 10.47837024 10.45967575]
465	11.729863805966307	False	[10.1        10.27821464 10.08132199 10.09468824 10.2       ]
466	11.729863805966307	False	[10.1        10.30220682 10.35191235 10.30775536 10.48662956]
467	11.729863805966307	False	[11.31722857 11.03889033 10.1        11.13907449 11.19966487]
468	11.729863805966307	False	[10.1        10.01634527 10.1        10.12676765 10.        ]
469	11.729863805966307	False	[10.2        10.7755198  10.44467581 10.69502493 10.7100949 ]
470	11.729863805966307	False	[10.71479443 10.42629449 10.50751979 10.49281115 10.37361803]
471	11.729863805966307	False	[11.06164365 10.87388284 10.85309887 10.20457125 11.01324151]
472	11.729863805966307	False	[10.1        10.60624413 10.42352228 10.2        10.        ]
473	11.729863805966307	False	[ 9.88660051  9.86937302 10.33249361 10.2        10.26733658]
474	11.729863805966307	False	[11.12656775 10.40085721 10.93550351 11.05555653 10.1       ]
475	11.729863805966307	False	[10.56762    10.53700987 10.2        10.6683208  10.47133358]
476	11.729863805966307	False	[10.88477539 10.19640871 10.75153054 10.2        10.93990098]
477	11.729863805966307	False	[10.2        10.52079223 10.93540899 10.73689615 10.7417099 ]
478	11.729863805966307	False	[10.85790315 10.5325996  10.54996059 10.2        10.1       ]
479	11.729863805966307	False	[10.52921051 10.2862795  10.49778938 10.2        10.1       ]
480	11.729863805966307	False	[10.57254801 10.41708384  9.9        10.14618141 10.17676   ]
481	11.729863805966307	False	[10.75123129 10.1        10.56182182 10.1        10.27017686]
482	11.729863805966307	False	[10.44053941 10.1        10.60733353 10.35762513 10.2       ]
483	11.729863805966307	False	[10.4861622  10.7100379  10.58161189 10.38224951 10.1       ]
484	11.729863805966307	False	[10.20503584 11.02985122 10.79647198 10.1        10.2       ]
485	11.729863805966307	False	[10.54476565 10.1        10.30489206 10.09833919 10.56357383]
486	11.729863805966307	False	[11.01036016 10.86467675 10.2        10.29064678 10.29744662]
487	11.729863805966307	False	[10.26772137 10.1        10.18042073 10.18645897 10.1       ]
488	11.729863805966307	False	[10.74936803 11.19120853 10.91455289 10.80613099 10.2       ]
489	11.729863805966307	False	[10.2        11.12799086 10.2        10.72451652 10.8977018 ]
490	11.729863805966307	False	[10.29554238 10.97478421 10.2        10.9165603  10.72914905]
491	11.729863805966307	False	[10.1        10.89816851 10.2        10.90830931 10.81676898]
492	11.729863805966307	False	[10.36571201 10.4305902  10.27549471 10.10773649 10.2       ]
493	11.729863805966307	False	[10.52665548 10.1        10.2        10.4720304  10.47417991]
494	11.729863805966307	False	[10.49353052 10.2        10.18011151 10.35987339 10.47534206]
495	11.729863805966307	False	[10.4470925  10.50025808 10.48753711 10.         10.4789191 ]
496	11.729863805966307	False	[10.05877005 10.00531816 10.18127594  9.92865054  9.81848522]
497	11.729863805966307	False	[11.18467899 11.02177794 11.12383606 11.02027893 10.1       ]
498	11.729863805966307	False	[10.51634193 10.29087546 10.77308076 10.79545368 10.4593105 ]
499	11.729863805966307	False	[10.65099157 10.         10.1        10.1        10.69389099]
500	11.729863805966307	False	[10.2        10.34685112 10.18656828 10.59828042 10.1       ]
501	11.729863805966307	False	[10.20042112 10.84462801 10.69177294 10.88190462 10.3       ]
502	11.729863805966307	False	[10.63478944 10.18149509 10.48843536 10.45440253 10.49875324]
503	11.729863805966307	False	[10.17324135  9.91354494 10.2        10.15211411 10.        ]
504	11.729863805966307	False	[10.89971673 10.1        10.2        10.10095609 10.21663396]
505	11.729863805966307	False	[10.20519216 11.32549987 10.2        10.1        10.2       ]
506	11.729863805966307	False	[11.25952652 11.29646354 11.29049074 10.1        11.58907341]
507	11.729863805966307	False	[10.2 10.  10.2 10.1 10.1]
508	11.729863805966307	False	[11.11743614 10.74201764 11.10540998 10.1        11.00905106]
509	11.729863805966307	False	[10.08268397 10.44732257 10.33898489 10.13588411 10.32255057]
510	11.729863805966307	False	[10.2838779  10.1901222  10.1        10.1        11.01894791]
511	11.729863805966307	False	[11.08048298 11.34298035 10.28955439 10.2        11.34209414]
512	11.729863805966307	False	[10.1        10.87575001 10.6521934  11.05835065 10.30756798]
513	11.729863805966307	False	[10.65989244 10.1        10.2        10.08734104 10.45336327]
514	11.729863805966307	False	[10.94234958 11.03636885 11.30320716 11.12088477 10.2       ]
515	11.729863805966307	False	[ 9.82741975 10.1        10.01821898 10.07430152 10.2       ]
516	11.729863805966307	False	[11.19041022 10.1        10.70030474 11.16794575 10.55855409]
517	11.729863805966307	False	[11.04387911 11.11900388 11.22191864 10.75757309 10.1       ]
518	11.729863805966307	False	[10.37819014 10.39337258 10.27930893 10.17885763 10.49026096]
519	11.729863805966307	False	[10.83296439 11.07646879 10.3        10.19418184 10.2       ]
520	11.729863805966307	False	[10.20415047 10.86617492 10.66758966 10.2        10.73461444]
521	11.729863805966307	False	[10.1         9.99992143 10.2        10.01952327 10.42132464]
522	11.729863805966307	False	[11.01338846 10.3        10.84114747 10.2        11.15608353]
523	11.729863805966307	False	[10.78251146 10.1        11.1670228  11.08399042 11.11555228]
524	11.729863805966307	False	[11.03092066 10.40786141 10.52434738 10.2        11.02394995]
525	11.729863805966307	False	[10.20709906  9.96519511 10.37101726  9.94889314 10.1       ]
526	11.729863805966307	False	[10.18790043 10.62330559 10.7131681  10.76533832 10.29999881]
527	11.729863805966307	False	[10.45247163 10.24361171 10.08918469 10.30887497 10.56020288]
528	11.729863805966307	False	[10.34355024 10.28341033 10.25560354 10.1        10.3       ]
529	11.729863805966307	False	[10.47250836 10.56489655 10.53146403 10.41670078 10.1       ]
530	11.729863805966307	False	[10.1        10.2        11.01909418 10.72086656 11.2791061 ]
531	11.729863805966307	False	[10.52731993 10.2        10.7594904  10.         10.35060571]
532	11.729863805966307	False	[ 9.67592842 10.1        10.2        10.1        10.1367116 ]
533	11.729863805966307	False	[10.6600421  10.87171169 10.76362317 10.1        10.70282129]
534	11.729863805966307	False	[10.63721184 10.84890522 10.67380123 11.09818076 10.1       ]
535	11.729863805966307	False	[ 9.9        10.97255624 10.96964101 10.2        10.90116004]
536	11.729863805966307	False	[10.1        10.787897   10.58627852 10.81054187 10.30932793]
537	11.729863805966307	False	[10.34977799 10.3         9.99433223 10.11345418 10.15534792]
538	11.729863805966307	False	[10.         10.42390259 10.33672602 10.52391733 10.1       ]
539	11.729863805966307	False	[10.2        11.06595167 10.1        10.19974893 10.20467314]
540	11.729863805966307	False	[10.86210855 10.2        10.85174323 10.2        10.1       ]
541	11.729863805966307	False	[10.85638274 10.1        10.55300501 10.80146076 10.        ]
542	11.729863805966307	False	[10.50493221 10.30021583 10.1        10.49048328 10.09764145]
543	11.729863805966307	False	[11.05720024 10.         10.76022212 10.90174904 10.1       ]
544	11.729863805966307	False	[10.98606996 10.77419308 10.69082138 10.2        10.79541489]
545	11.729863805966307	False	[10.2        10.30409917 11.18979836 10.1        10.1       ]
546	11.729863805966307	False	[10.2557851  10.16763825 10.1        10.71403827 10.36985557]
547	11.729863805966307	False	[10.01975901 10.49465085 10.21395485 10.1        10.        ]
548	11.729863805966307	False	[10.11540639 10.1346853  10.27280048 10.05758975 10.77448981]
549	11.729863805966307	False	[10.65536898 10.2        10.33723413 10.2        10.1811444 ]
550	11.729863805966307	False	[11.04948092 10.30636542 11.10565867  9.9        10.93831553]
551	11.729863805966307	False	[10.48037779 10.81811156 10.69152138 10.78333552 10.74979666]
552	11.729863805966307	False	[10.3        10.4        10.82801805 10.1        10.59653994]
553	11.729863805966307	False	[10.16600055 10.19066897 10.1        10.1        10.10955823]
554	11.729863805966307	False	[10.1        10.89375856 10.1        10.84731812 10.41932496]
555	11.729863805966307	False	[10.54122069 10.17703194 10.07236834 10.4620554  10.81043842]
556	11.729863805966307	False	[10.1612285  10.1773278  10.20047516 10.30786752 10.32251084]
557	11.729863805966307	False	[10.73220542 10.79968475 10.68129732 10.1        10.6444493 ]
558	11.729863805966307	False	[10.43389641 10.43088465 10.1        10.1        10.74839914]
559	11.729863805966307	False	[10.19337681 10.1753989  10.27797941 10.29060662 10.28532866]
560	11.729863805966307	False	[11.16120275 10.95628582 10.99523071 10.94179807 10.2       ]
561	11.729863805966307	False	[10.1        11.21723681 11.08647117 11.31402249 11.2271768 ]
562	11.729863805966307	False	[10.66116292 10.83151741 10.29373468  9.99470772  9.6       ]
563	11.729863805966307	False	[10.443584   10.39036726 10.4673748  10.1        10.24409811]
564	11.729863805966307	False	[10.27434151 10.17714854 10.38218157 10.25852695 10.43802587]
565	11.729863805966307	False	[10.1        10.07820551 10.1        10.00721465 10.1       ]
566	11.729863805966307	False	[10.06550654 10.7085147  10.20574124 10.1        10.3       ]
567	11.729863805966307	False	[10.1727196  11.0592818  11.05641962 10.38315351 10.90460767]
568	11.729863805966307	False	[10.7122325  10.97358834 10.2        10.76365072 10.19601611]
569	11.729863805966307	False	[10.20116942 10.61272765 10.77271941 10.46507853 10.64143245]
570	11.729863805966307	False	[10.32619732 10.21656848 10.1         9.93657017 10.1       ]
571	11.729863805966307	False	[10.2        10.27560309 10.18859088  9.76319164 10.59176122]
572	11.729863805966307	False	[10.9236037  10.2        10.2        11.12828927 11.05397042]
573	11.729863805966307	False	[10.1        10.1        10.08576563 11.12833258 10.19594328]
574	11.729863805966307	False	[10.         10.28818593 10.503871   10.1        10.47530289]
575	11.729863805966307	False	[10.2        11.05565318 10.68781889 10.19422816 10.2       ]
576	11.729863805966307	False	[10.18572934  9.99300035 10.71542625 10.78424225 10.1       ]
577	11.729863805966307	False	[10.75006449 10.1        10.18828113 11.14160995 11.04345473]
578	11.729863805966307	False	[10.1        10.2        10.32228974 10.1        10.26349741]
579	11.729863805966307	False	[10.97622241 11.01403768 10.29676651 11.03341493 11.1257957 ]
580	11.729863805966307	False	[10.93406791 10.2        10.63451528 10.8012554   9.9       ]
581	11.729863805966307	False	[10.26543658 10.1        10.62197308 10.43453456 10.55691873]
582	11.729863805966307	False	[10.37805814 10.51980557 10.1        10.66258279 10.5987148 ]
583	11.729863805966307	False	[10.69314993 10.1        10.25868924 10.18587957 10.1       ]
584	11.729863805966307	False	[10.1        10.94108472 11.17097508 10.84988319 10.2       ]
585	11.729863805966307	False	[10.36531665 10.4081707  10.18749182 10.42242636 10.51246203]
586	11.729863805966307	False	[11.3172664  11.18934239 10.2        10.21205493 10.75582262]
587	11.729863805966307	False	[10.62888478 10.33197767 10.7638802  10.87420639 10.36539088]
588	11.729863805966307	False	[10.56020564 10.49610241 10.38439633 10.43019071 10.57946709]
589	11.729863805966307	False	[10.62452403  9.96294347 10.2        10.58202953 10.2       ]
590	11.729863805966307	False	[11.07192905 11.10659615 11.10621809 10.1        10.935881  ]
591	11.729863805966307	False	[11.30921918 10.1        10.28807089 11.06385511 10.2       ]
592	11.729863805966307	False	[11.45852492 10.1        11.46161783 11.18809301 11.24450224]
593	11.729863805966307	False	[10.08738163 10.35432311 10.30723839 10.11809756 10.1       ]
594	11.729863805966307	False	[10.2        10.778208   10.91427361 10.8671304  11.04748888]
595	11.729863805966307	False	[10.11130642 10.25093475 10.1        10.07746526 10.2       ]
596	11.729863805966307	False	[10.32816509 10.2        10.2        10.1        10.71111886]
597	11.729863805966307	False	[10.30070274 10.2780194  10.2808386  10.29697027 10.19355066]
598	11.729863805966307	False	[10.1        10.00893089 10.1        10.08403772 10.34346526]
599	11.729863805966307	False	[10.30239779 10.27554567 10.1        10.65312503 10.26460087]
600	11.729863805966307	False	[10.25433508 10.20980368 10.29355571 10.17692101  9.81302295]
601	11.729863805966307	False	[10.9560881  10.08200077 10.1        10.81774059 11.18674857]
602	11.729863805966307	False	[10.29272463 11.44304387 10.1        11.45702335 10.31278265]
603	11.729863805966307	False	[11.23147217 11.02124207 10.2        10.1        11.22050838]
604	11.729863805966307	False	[10.33601188 10.15715199 10.20658443 10.1        10.34508608]
605	11.729863805966307	False	[10.1        10.36328913 10.2        10.2        10.79529586]
606	11.729863805966307	False	[10.53249683 10.54394498 10.29206432 10.37972158 10.23093358]
607	11.729863805966307	False	[11.27453774 10.30358905 10.28677249 10.84438517 10.1       ]
608	11.729863805966307	False	[10.2        11.10122776 10.92460833 10.20050108 11.20037679]
609	11.729863805966307	False	[11.02839578  9.9        11.23665328 11.20153869 10.84922645]
610	11.729863805966307	False	[10.19497927 11.19931566 11.08888936 10.2        10.1       ]
611	11.729863805966307	False	[10.55402795 10.2        10.52467715 10.66186629 10.38155751]
612	11.729863805966307	False	[10.284796   10.34621434 10.2        10.38257405 10.14632621]
613	11.729863805966307	False	[10.7089133 10.        10.2       10.980116  10.8218196]
614	11.729863805966307	False	[10.2        10.88576852 10.2        10.65835616 10.19944384]
615	11.729863805966307	False	[10.18334382 11.08965019 11.29264265 11.33121386 10.92466734]
616	11.729863805966307	False	[10.1        11.09213648 10.1        10.77845843 11.36707196]
617	11.729863805966307	False	[10.14220799 10.2        10.05471854 10.2        10.17956331]
618	11.729863805966307	False	[10.2        10.49962817 10.33107015 10.25238378 10.50728011]
619	11.729863805966307	False	[10.2        11.03167758 10.33192839 10.31465913 10.2       ]
620	11.729863805966307	False	[10.94662582 11.1619145  11.13526314 10.2        10.96420331]
621	11.729863805966307	False	[10.5556078  10.64552414 10.1        10.28919854 10.30601657]
622	11.729863805966307	False	[11.09582922 11.22930578 11.3452172  10.2        11.09904209]
623	11.729863805966307	False	[10.1        11.15322994 10.1        10.4029056  10.20358895]
624	11.729863805966307	False	[11.10733067 11.14696171 11.02017779 11.09291722 11.22337156]
625	11.729863805966307	False	[10.77829443 10.87824812 10.1        10.96666742 10.1       ]
626	11.729863805966307	False	[10.87672159 10.75396328 11.14024754 10.80013727 10.49900549]
627	11.729863805966307	False	[10.1        10.12585116 10.05258792  9.9        10.1       ]
628	11.729863805966307	False	[10.1        10.2        11.1288742  10.87289288 11.16844711]
629	11.729863805966307	False	[10.2        11.28002423 10.1        10.1        10.7675492 ]
630	11.729863805966307	False	[10.41602028 10.1        10.2        10.47978545 10.24366384]
631	11.729863805966307	False	[10.2923093  10.41058549 10.29519573 10.53928742 10.1       ]
632	11.729863805966307	False	[10.54529126 10.3765093  10.31690454 10.20483296 10.34629934]
633	11.729863805966307	False	[10.56262912 10.71212141 10.74204394 10.2        10.57900628]
634	11.729863805966307	False	[10.2        11.02445779 10.8677835  10.88322771 10.93169057]
635	11.729863805966307	False	[10.1        11.00802629 10.2        11.25257306 11.12226431]
636	11.729863805966307	False	[10.1        10.5221845  10.47131549 10.53357471 10.74102907]
637	11.729863805966307	False	[10.35876917 10.39810444 10.26976417 10.27457754 10.2       ]
638	11.729863805966307	False	[10.72282586 10.65507414 10.88924504 10.85532402 10.81409562]
639	11.729863805966307	False	[10.26081892 10.11200627 10.20182168 10.31244933 10.285426  ]
640	11.729863805966307	False	[10.2        10.26836122 10.27209845 10.3        10.27735732]
641	11.729863805966307	False	[10.28155427 10.1        10.46623116 10.         10.44803508]
642	11.729863805966307	False	[10.649346   10.86090926 10.75434653 10.69887938 10.1       ]
643	11.729863805966307	False	[10.29218563 10.2        10.25606612 10.27609036 10.1       ]
644	11.729863805966307	False	[10.2        10.83710952  9.4        10.90856656 10.1       ]
