1	10.786843817552615	True	[10.78684382 10.1        10.65939681 10.         10.72569694]
2	11.180167390733567	True	[11.18016739 10.99703119 10.1        10.88826637 10.1       ]
3	11.384369873645698	True	[10.8139148  10.86475796 11.38436987 10.76490989 10.1       ]
4	11.384369873645698	False	[10.2        10.47640224 10.1312316   9.9        10.1       ]
5	11.384369873645698	False	[10.41712962 11.2760521  11.28919971 11.08348128  9.7       ]
6	11.384369873645698	False	[10.11005724 10.2        10.19257985 10.2        10.1       ]
7	11.384369873645698	False	[10.1        10.88045207 10.79980557 10.69787286 10.27965979]
8	11.384369873645698	False	[10.54639693 10.18201396 10.48217756 10.76799244 10.91448822]
9	11.384369873645698	False	[10.17855765 10.18668648 10.45034575 10.35655955 10.40641638]
10	11.384369873645698	False	[10.50924693 10.2        10.15624839 10.75544954 10.70733101]
11	11.384369873645698	False	[11.03364198 11.20618488 10.291392   11.01385101 10.83287763]
12	11.384369873645698	False	[11.29677912 11.01548243 10.21226752 10.97001849 10.11999223]
13	11.384369873645698	False	[10.1        10.34540033 10.20657599 10.2547405  10.29455104]
14	11.384369873645698	False	[10.2583513  10.19185636 10.28744392 10.60273239 10.44819508]
15	11.384369873645698	False	[10.2        10.1        11.13305254 10.80550153 10.2       ]
16	11.384369873645698	False	[ 9.9        10.29770123 10.1        10.61332696 10.70239807]
17	11.384369873645698	False	[10.863135   11.12937454 11.12376689 11.27000386 10.52594164]
18	11.384369873645698	False	[10.0576051  10.1        10.19367037 10.         10.1       ]
19	11.384369873645698	False	[10.91907618 10.09103569  9.97518025 10.1        10.97191941]
20	11.384369873645698	False	[10.71316798 10.28757032 10.50956522 10.51735163 10.2       ]
21	11.384369873645698	False	[10.         10.17781647 10.00215189 10.2        10.15953185]
22	11.384369873645698	False	[10.54722746 10.39441433 10.17304364 10.10374801 10.72953376]
23	11.384369873645698	False	[10.33411136 10.         10.26093829 10.37987236 10.48783116]
24	11.384369873645698	False	[10.1        10.78280791 10.2        10.46198962 10.29462303]
25	11.384369873645698	False	[11.13282434 10.40713903 10.30604267 11.15687106 10.30293513]
26	11.384369873645698	False	[10.28533646 10.16825377 10.1        10.13725651 10.1       ]
27	11.384369873645698	False	[10.00619425 10.1        10.1        10.26744852 10.27088482]
28	11.384369873645698	False	[11.10200317 10.2        10.28861123 10.20412866 10.92265387]
29	11.384369873645698	False	[10.57572947 10.2        10.98023405 10.829302   10.29857361]
30	11.384369873645698	False	[10.04695894  9.95712777 10.2921829  10.1        10.22461796]
31	11.384369873645698	False	[10.29707651 10.1        10.43748591 10.18439052 10.48696519]
32	11.384369873645698	False	[10.         10.43805167 10.44153854 10.28437479 10.51073469]
33	11.384369873645698	False	[10.62507422 10.73741807 10.74319285 10.         10.3869887 ]
34	11.384369873645698	False	[11.19630163 10.1        10.         10.09155744 11.1003455 ]
35	11.384369873645698	False	[11.13891925 10.89763765 10.98189994 11.15863323 10.89004261]
36	11.384369873645698	False	[10.1        10.28454464 10.44592126 10.24604685 10.57958119]
37	11.384369873645698	False	[10.2        10.89700224 11.06646388 10.1        10.96032879]
38	11.384369873645698	False	[10.85519784 10.66706787 10.45694781 10.25793218 10.59285958]
39	11.384369873645698	False	[10.16718715 10.23472156 10.1        10.25002195 10.2       ]
40	11.384369873645698	False	[10.17791701 10.51302133 10.4707923  10.45086398 10.45801389]
41	11.384369873645698	False	[10.2439964  10.39999885 10.61116017 10.17361764 10.50696153]
42	11.384369873645698	False	[10.380322   10.38345803 10.24835475 10.53563654 10.68078481]
43	11.384369873645698	False	[10.82702774 10.21238906 11.03616377 10.29992225 11.00260606]
44	11.384369873645698	False	[10.28439304 10.38266532 10.3        10.21782508 10.37960946]
45	11.384369873645698	False	[10.86340226 10.1        10.95505458 10.2        10.1       ]
46	11.384369873645698	False	[10.96192075 10.2        10.4143366  10.95275236 10.1       ]
47	11.384369873645698	False	[10.73715966 10.3720022  10.45989002 10.60189256 10.64159925]
48	11.384369873645698	False	[11.28490167 11.2416022  11.24780782 10.29850887 11.313258  ]
49	11.384369873645698	False	[10.57281577 10.15154975 10.1        10.87256977 10.5805864 ]
50	11.384369873645698	False	[11.22041298 11.06150096 11.004997   10.1        11.03519489]
51	11.411058762669597	True	[11.41105876 11.04276442 11.13423192 10.2        11.13167099]
52	11.411058762669597	False	[11.25788527 11.2141419  10.2        10.88626287 10.1       ]
53	11.411058762669597	False	[10.1        10.31174961 10.56893082 10.1        10.19129958]
54	11.411058762669597	False	[10.9076291  10.98559133 10.19394747 10.74020682 11.17717976]
55	11.411058762669597	False	[11.21619894 10.1        10.2        10.84937548 11.27080621]
56	11.411058762669597	False	[10.2         9.88468018 10.3820693  10.24934375 10.1       ]
57	11.411058762669597	False	[11.15590471 10.80371876 10.78498397 10.73952692 10.67683477]
58	11.411058762669597	False	[10.1        10.29963064 10.51187523 10.38282773 10.2       ]
59	11.411058762669597	False	[10.1        10.29058488 10.1        10.         10.19535019]
60	11.411058762669597	False	[11.12423864 10.3        10.70682303 10.2        10.19150741]
61	11.411058762669597	False	[10.47307359 10.31762903 10.2        10.46985837 10.1       ]
62	11.411058762669597	False	[10.05758342 10.38536018 10.33411537 10.14173855 10.22827684]
63	11.411058762669597	False	[10.68014168 10.84888936 10.1        10.80763197 10.64202605]
64	11.411058762669597	False	[10.32923467 10.16881095 10.0454055  10.2        10.11768072]
65	11.531526285813337	True	[10.1        11.00712758 11.10588789 11.34636308 11.53152629]
66	11.531526285813337	False	[10.2        10.31542433 10.2        10.94406726 11.03510268]
67	11.531526285813337	False	[10.33873927 10.2        10.17888425 10.1        10.19035018]
68	11.531526285813337	False	[10.68123125 10.3        10.63203902 10.87716992 10.91832003]
69	11.531526285813337	False	[11.02456794 11.05056404 10.98293233 11.02657733 10.98119823]
70	11.531526285813337	False	[10.61478908 10.2        10.3855361  10.07024956 10.74823184]
71	11.531526285813337	False	[ 9.9         9.91311886 10.2        10.29640911 10.59443986]
72	11.531526285813337	False	[10.55614233 10.59943404 10.38860851 10.18669032 10.2       ]
73	11.531526285813337	False	[10.58100862 10.2         9.91295995 10.21251826 10.36998644]
74	11.531526285813337	False	[10.30225435 10.34947967 10.2        10.35821189  9.94408062]
75	11.531526285813337	False	[10.71632115 10.29524725 10.1        10.1        10.88119196]
76	11.531526285813337	False	[10.         10.98952056 10.2        11.04263853 11.3318853 ]
77	11.531526285813337	False	[10.16631013  9.9917409  10.1163482  10.20390958 10.0939366 ]
78	11.531526285813337	False	[10.36510015 10.39154611 10.35500614 10.09804129 10.07422686]
79	11.531526285813337	False	[10.55967078 10.01104303 10.28837021 10.51579075 10.43999126]
80	11.531526285813337	False	[10.73677021 11.27206214 10.3        11.16241582 10.19188719]
81	11.531526285813337	False	[10.2        10.30165121 10.30811711 10.2         9.98876362]
82	11.531526285813337	False	[10.20013261 10.19547109  9.8659116  10.2        10.18240243]
83	11.531526285813337	False	[10.1        10.2        10.02817815 10.04443546 10.26534676]
84	11.531526285813337	False	[10.7747857  11.10016032 10.30033593 11.11847137 10.44576403]
85	11.531526285813337	False	[10.93944514 11.08919855 10.911565   10.30261615 11.05907552]
86	11.531526285813337	False	[10.1        11.17165856 11.16224553 11.15213708 10.78829653]
87	11.531526285813337	False	[10.2        10.29699371 10.28762845 10.40768991 11.19134426]
88	11.531526285813337	False	[10.19707358 10.36642222 10.2         9.05572097 10.14527673]
89	11.531526285813337	False	[10.4        11.23329557 10.21621123 11.16097105 11.03501714]
90	11.531526285813337	False	[10.1        10.1        10.1        10.64199611 10.2       ]
91	11.531526285813337	False	[10.95569707 10.91108045 10.87656714 10.90999897 10.2       ]
92	11.531526285813337	False	[10.73526461 10.29709548 10.1881298  10.87661198 10.1       ]
93	11.531526285813337	False	[10.90496804 10.2        10.21206503 10.30689383 10.1       ]
94	11.531526285813337	False	[ 9.87119972 10.06695577 10.15776754 10.1         9.99451764]
95	11.531526285813337	False	[10.1        10.3        10.30531284 10.2        10.44101563]
96	11.531526285813337	False	[10.6542643  10.41341177 10.36323662 10.366969   10.21603329]
97	11.531526285813337	False	[11.09521449 10.89147566 11.06687589 10.1        10.1       ]
98	11.531526285813337	False	[10.95596829 11.04747787 11.12742957 10.86685161 10.2       ]
99	11.531526285813337	False	[10.         10.         10.14282717 10.1        10.        ]
100	11.531526285813337	False	[10.2        10.74981189 10.90287601 10.2        10.99266267]
101	11.531526285813337	False	[10.32790915 10.78822187 10.20849415 10.75820026 10.39737911]
102	11.531526285813337	False	[10.3        10.87576524 10.93794419 10.1        10.9815276 ]
103	11.531526285813337	False	[10.1        11.05889983 11.2021736  11.23990859 10.1       ]
104	11.531526285813337	False	[10.22531533 10.06352534 10.15593501 10.2610143  10.2       ]
105	11.531526285813337	False	[10.2        10.24505522 10.48788465  9.91493904 10.42749023]
106	11.531526285813337	False	[10.30808876 10.86326094 11.06366359 10.20748584 10.63623802]
107	11.531526285813337	False	[10.17895478 10.34279213 10.54295873 10.3        10.63857627]
108	11.531526285813337	False	[10.18457598 10.50050985 10.1        10.78998058 10.71748752]
109	11.531526285813337	False	[10.1480301  10.2853276  10.34008737 10.35501    10.2       ]
110	11.531526285813337	False	[10.1        10.2        10.88065488 10.91605837 11.07398123]
111	11.531526285813337	False	[10.80886235 10.74587032 10.72790989 10.86078486 10.2       ]
112	11.531526285813337	False	[10.2        10.20314285 10.2        10.59464358 10.55862275]
113	11.531526285813337	False	[10.63327976 10.6316778  10.2        10.69040575 10.1       ]
114	11.531526285813337	False	[10.67494695 10.1        10.1        10.59883536 10.5326327 ]
115	11.531526285813337	False	[10.1980977  10.69191928 10.65487279 10.6590166  10.77183366]
116	11.531526285813337	False	[10.46149455 10.1        10.44000374 10.14932145 10.        ]
117	11.531526285813337	False	[10.8307333  11.23357305 11.03227144 11.00709457 11.08053227]
118	11.531526285813337	False	[10.2        10.         10.67038077 10.55164059 10.52279564]
119	11.531526285813337	False	[10.78512124 10.2        10.91534955 10.1        11.00479809]
120	11.531526285813337	False	[10.0384197  10.22819333 10.01444698 10.18499006 10.34071529]
121	11.531526285813337	False	[10.95108019 11.19805836 10.73864654 11.36556407 11.11424901]
122	11.531526285813337	False	[10.2        11.03909155 10.96769577 10.94589652 10.1       ]
123	11.531526285813337	False	[10.2        11.00942938 11.06640537 10.1        11.06108816]
124	11.531526285813337	False	[10.2        10.40530224 10.27326668 10.27804519 10.1       ]
125	11.531526285813337	False	[10.63350365 10.46515585 10.1869551  10.1        10.70976464]
126	11.531526285813337	False	[11.10392053 10.7240895  11.10108901 11.2271128  11.31394687]
127	11.638286742089337	True	[11.37915367 11.63828674 10.2        11.23629538 11.18813127]
128	11.638286742089337	False	[10.21444609 10.20253059 11.05931677 11.04960466 10.88237048]
129	11.638286742089337	False	[10.14406814 10.05415203 10.62645493 10.2        10.23099409]
130	11.638286742089337	False	[10.21085349 10.15024371 10.28414936 10.29374631 10.29752215]
131	11.638286742089337	False	[10.2        11.28616276 11.22724992 11.22495222 10.40992045]
132	11.638286742089337	False	[10.2        10.24211476 10.2        10.08299244 10.22470867]
133	11.638286742089337	False	[10.1        11.23866131 10.58670988 10.83133968 11.01200739]
134	11.638286742089337	False	[10.21142112 10.14787148  9.92370596 10.12486216 10.3       ]
135	11.638286742089337	False	[11.09166535 11.04589038 10.96583817 10.1        10.86053259]
136	11.638286742089337	False	[10.90837094 11.14841551 11.14355216 10.28995264 11.27454373]
137	11.638286742089337	False	[10.1        10.42498672 10.39669601 10.43597785 10.53475504]
138	11.638286742089337	False	[10.85234755 10.1        10.1        11.24534011 11.15867105]
139	11.638286742089337	False	[10.49998629 10.51747603 10.27037998 10.77856752 10.47215825]
140	11.638286742089337	False	[10.18449129 10.87186637 10.18936701 10.58443553 10.20120776]
141	11.638286742089337	False	[10.66670418 10.6433047  10.78420962 10.47601467 10.41675074]
142	11.638286742089337	False	[10.11228708 10.28840101 10.31189447 10.2        10.09391429]
143	11.638286742089337	False	[10.55517835 10.1        10.63577978 10.2        10.65218338]
144	11.638286742089337	False	[10.7882292  10.1        10.2        10.72268316 10.6591446 ]
145	11.638286742089337	False	[10.82019391 10.80776524 10.6063414  10.2        10.98413515]
146	11.638286742089337	False	[10.73135688 10.82439961 11.07692728 10.97640207 10.97457971]
147	11.638286742089337	False	[10.1        10.19881325 10.31083275 10.7285124  10.50951306]
148	11.638286742089337	False	[10.2        10.91872242 11.11371774 10.89052017 10.91785112]
149	11.638286742089337	False	[10.2        10.2        10.65738931 10.2        10.5633624 ]
150	11.638286742089337	False	[10.35782549 10.18118464 10.1        10.17927711 10.1       ]
151	11.638286742089337	False	[11.13536872 10.90523352 11.19292904 11.06928259 10.90300832]
152	11.638286742089337	False	[10.92425445 10.20187152 10.55396713 10.2        10.9632538 ]
153	11.638286742089337	False	[10.69268791 10.28304922 10.50147534 10.33797683 10.38992076]
154	11.638286742089337	False	[10.1        10.2         9.99217758 10.19199405  9.93883909]
155	11.638286742089337	False	[10.2133068  10.99497683 11.12998355 11.24088538 11.17478959]
156	11.638286742089337	False	[10.2        10.66169517 10.19687317 10.85139496 11.05469976]
157	11.638286742089337	False	[10.2        11.21506524 10.752677   10.89814767 10.82861422]
158	11.638286742089337	False	[10.18633527 10.26353338 10.54554043 10.30630283 10.41610639]
159	11.638286742089337	False	[11.16992017 10.1        11.10654824 10.2        10.2       ]
160	11.638286742089337	False	[10.92150795 10.55366806 10.82628968 10.1        10.60662888]
161	11.638286742089337	False	[10.1        10.21217629 10.5576263  11.01481167 10.09185007]
162	11.638286742089337	False	[10.5890621  10.11848346 10.2        10.18885195 10.2       ]
163	11.638286742089337	False	[ 9.9        10.11086316 10.60913733 10.78776684 10.1       ]
164	11.638286742089337	False	[10.69107796 10.95782588 10.91647877 11.03647558 11.06565938]
165	11.638286742089337	False	[10.1        10.2        10.1        10.2        10.22334221]
166	11.638286742089337	False	[10.2        10.27506814 10.32920617 10.1        10.2       ]
167	11.638286742089337	False	[10.1        10.67890666 11.04967369 10.99847202 10.3       ]
168	11.638286742089337	False	[11.12896391 10.83210228 10.1        10.9198413  11.02932697]
169	11.638286742089337	False	[10.1        10.28592291 10.49698599 10.28050857 10.1       ]
170	11.638286742089337	False	[11.07311335 10.9298274  11.2040238  10.94484617 11.02247887]
171	11.638286742089337	False	[10.48326447 10.09800493 10.84455543 10.74042039 10.63037395]
172	11.638286742089337	False	[11.37435119 11.31320473 10.1        10.1        10.3       ]
173	11.638286742089337	False	[10.41586002 10.38286521 10.2        10.63641796 10.4467454 ]
174	11.638286742089337	False	[10.2        11.0455289  10.2071597  11.09163075 10.2       ]
175	11.638286742089337	False	[10.45139004 10.50485356 10.18857869 10.2        10.53726316]
176	11.638286742089337	False	[10.2        11.17407181 11.04417317 10.1        10.89412148]
177	11.638286742089337	False	[10.87383683 10.65705129 11.01396536 10.7515859  10.4331575 ]
178	11.638286742089337	False	[10.40722695 10.27008655 10.3        10.53803337 10.3505635 ]
179	11.638286742089337	False	[10.2        10.10409572 10.20363304 10.3799926  10.2181819 ]
180	11.638286742089337	False	[10.06602601 10.1        10.41387887 10.45420818 10.20056268]
181	11.638286742089337	False	[10.1        10.43001589 10.29336148 10.59603003 10.1       ]
182	11.638286742089337	False	[10.1        10.1091154  10.2        11.2446377  11.01419426]
183	11.638286742089337	False	[10.33388237 10.28034091 10.2736128  10.3997988  10.43142308]
184	11.638286742089337	False	[10.43675462 10.28438106 10.2        10.45909411 10.81483326]
185	11.638286742089337	False	[10.6402896  10.2        10.75352041 10.3        10.29120417]
186	11.638286742089337	False	[10.58454373 10.55479705 10.36301322 10.59327051 10.2       ]
187	11.638286742089337	False	[ 9.9        10.76685734 10.4640741  10.57010365 10.29947722]
188	11.638286742089337	False	[10.         10.47926643 10.17647196 10.67036633 10.1       ]
189	11.638286742089337	False	[ 9.9         9.94820466 10.28459603  9.9510624   9.95695998]
190	11.638286742089337	False	[10.29760018 10.00614531 10.18240762 10.1        10.04153732]
191	11.638286742089337	False	[10.64252899 10.94990875 10.82259207 10.9399717  10.2       ]
192	11.638286742089337	False	[10.22325245 10.43609465 10.55180762 10.74289041 10.55508383]
193	11.638286742089337	False	[10.20909291 10.71106945 10.1        10.6999458  10.81403616]
194	11.638286742089337	False	[10.1        10.54096011 10.29987375 10.08162541 10.        ]
195	11.638286742089337	False	[10.1        11.15432259 11.17051348 11.27045707 11.21435593]
196	11.638286742089337	False	[10.1        10.2        10.2        10.59999629 10.84841919]
197	11.638286742089337	False	[10.1        10.62443416 10.42287597 10.75417265 10.4562878 ]
198	11.671618505799843	True	[11.67161851 11.27684292 10.2        11.28492753 11.38651039]
199	11.671618505799843	False	[11.35003576 11.11549698 11.5640936   9.9        11.17377574]
200	11.671618505799843	False	[10.28190867 10.40676544 10.62943535 10.2        10.35895508]
201	11.671618505799843	False	[10.1        10.26429549 10.38551074 10.2        10.06763245]
202	11.671618505799843	False	[10.89298211 10.1        10.64800969 10.44374101 10.62197585]
203	11.671618505799843	False	[10.86683479 10.84782042 10.28270487  9.99146267 10.2       ]
204	11.671618505799843	False	[10.47863964 10.1        10.0437472  10.15651259 10.02258586]
205	11.671618505799843	False	[10.1        10.76422557 10.20965906 10.33795039 10.17517582]
206	11.671618505799843	False	[10.66292506 10.20619995 10.55885922 10.53467733 10.58670607]
207	11.671618505799843	False	[10.1        10.59298626 10.69973892 10.37724872 10.1       ]
208	11.671618505799843	False	[10.1        10.84261925 10.78536858 10.76512641 10.85817482]
209	11.671618505799843	False	[10.37999761 10.2        10.1        10.15343282 10.03967372]
210	11.671618505799843	False	[10.3         9.93953468 10.05328721 10.2        10.12995527]
211	11.671618505799843	False	[10.37620648 10.2        10.43509757 10.76775845 10.61075637]
212	11.671618505799843	False	[10.2        11.1126265  10.1        10.91048001 11.21627474]
213	11.671618505799843	False	[10.50708088 10.82028311 10.30180332 10.80370931 10.2       ]
214	11.671618505799843	False	[10.30972598 10.33093984 10.29314084 10.18337355 10.2       ]
215	11.671618505799843	False	[10.89375825 10.93085407 10.58670018 10.8240269  10.2       ]
216	11.671618505799843	False	[10.36827809 10.27587749 10.3554739  10.1        10.3       ]
217	11.671618505799843	False	[10.86519224 10.2        11.1069943  10.2        10.1       ]
218	11.671618505799843	False	[10.         10.51630851 10.53126005 10.64986261 10.46688859]
219	11.671618505799843	False	[10.1        10.3043863  11.28497332 10.2        10.90511006]
220	11.671618505799843	False	[10.2        10.37104362 10.1        10.31542222 10.16338522]
221	11.671618505799843	False	[11.20601006 10.18242333 10.1        11.07164969 11.05473004]
222	11.671618505799843	False	[10.2472757   9.75340474 10.11368751 10.30850535 10.03987624]
223	11.671618505799843	False	[10.22197866 10.27517358 10.54053914 10.17396854 10.2       ]
224	11.671618505799843	False	[10.828583   10.44863612 10.55723668 10.45150015 10.1       ]
225	11.671618505799843	False	[10.3093726  11.0017556  10.74836252 10.92103015 10.95764436]
226	11.671618505799843	False	[ 9.89575163 10.09714224 10.30595618  9.96671675 10.1       ]
227	11.671618505799843	False	[10.17867909  9.85458447 10.1        10.06895386 10.2       ]
228	11.671618505799843	False	[10.01653928 10.2        10.13038012  9.86034816  9.90886567]
229	11.671618505799843	False	[10.2        10.1        10.19685459 10.2        10.18748608]
230	11.671618505799843	False	[10.1        10.2        11.32278577 11.1499157  11.29119189]
231	11.671618505799843	False	[10.74818868 10.2        10.1        10.29685065 10.75783485]
232	11.671618505799843	False	[10.1        11.30064179 10.         10.92965232 10.96274904]
233	11.671618505799843	False	[10.83688372 10.87612692 10.71230588 10.28026894 10.69131678]
234	11.671618505799843	False	[10.43423073 10.07862046 10.59909565 10.20694482 10.46559504]
235	11.671618505799843	False	[10.73046231 10.66811127 10.1        11.09712729 10.29748451]
236	11.671618505799843	False	[10.18868178 10.2        11.10035734 10.78160969 10.80985033]
237	11.671618505799843	False	[10.63176967 10.2        10.54169394 10.9848457  10.46038089]
238	11.671618505799843	False	[ 9.96411973 10.2        10.20027489 10.14944317 10.12727886]
239	11.671618505799843	False	[11.13859114 11.08446416 10.         11.06225964 11.05258875]
240	11.671618505799843	False	[10.04297136  9.90691862 10.2189717  10.13193769 10.0629156 ]
241	11.671618505799843	False	[10.66093719 10.19349754 10.8588304  10.83610562 10.79199147]
242	11.671618505799843	False	[10.55873266 10.42150491 10.1        10.46621333 10.61152675]
243	11.671618505799843	False	[10.1        10.09478786 10.12673165 10.38355957 10.59299678]
244	11.671618505799843	False	[11.45023977 10.20028675 11.01493238 11.22558153 11.05109544]
245	11.671618505799843	False	[10.27648052 11.19101232 10.1        10.29925684 10.18045379]
246	11.671618505799843	False	[10.20537508 10.24480794 10.35695113 10.1        10.2       ]
247	11.671618505799843	False	[10.29838768 10.3        10.55869433 10.2        10.1       ]
248	11.671618505799843	False	[10.9670206  10.08041979 10.95810831 10.64018403 10.7075446 ]
249	11.671618505799843	False	[10.64676786 10.54749931 10.69041027 10.2        10.37683148]
250	11.671618505799843	False	[10.19144189 10.93985744 10.93040121 10.2        10.87038849]
251	11.671618505799843	False	[11.29526678 10.2        11.3048529  11.05808177 10.2       ]
252	11.671618505799843	False	[10.90175897 10.81791284 10.2        11.08275012 10.40687329]
253	11.671618505799843	False	[10.46496363 10.4927153  10.26370523  9.9        10.56754406]
254	11.671618505799843	False	[10.1        11.24877963 10.30993844 10.2022042  10.2       ]
255	11.671618505799843	False	[11.08806072 11.22473524 10.1        10.71996015 10.2       ]
256	11.671618505799843	False	[10.3        10.80688324 11.03104684 10.78974932 11.18591179]
257	11.671618505799843	False	[10.26349461 10.17252731 10.39294068 10.         10.1       ]
258	11.671618505799843	False	[10.1        10.93578796 10.67908242 10.1        10.1       ]
259	11.671618505799843	False	[11.04077321 10.2        11.06885637 10.1        11.24245797]
260	11.671618505799843	False	[11.09425186 11.26471128 11.07691306 10.1        11.0827616 ]
261	11.671618505799843	False	[ 9.99214315 10.26746913 10.08758152 10.2        10.1       ]
262	11.671618505799843	False	[10.1        10.54265094 10.43900951 10.1        10.44446156]
263	11.671618505799843	False	[10.1        10.39770018 10.28882013 10.4344017  10.        ]
264	11.671618505799843	False	[10.1        10.17716287 10.04971458 10.1        10.32298685]
265	11.671618505799843	False	[10.8527801  10.95955025 11.11113783 10.84214945 10.2       ]
266	11.671618505799843	False	[11.22266072 11.20128215 11.42809199 11.35126511 11.03251443]
267	11.671618505799843	False	[ 9.99487681 10.2         9.97862118 10.1        10.05079727]
268	11.671618505799843	False	[10.33990048 10.51653499 10.65512914 10.4222565  10.51548224]
269	11.671618505799843	False	[10.65593595 10.         10.59516059 10.1        10.402228  ]
270	11.671618505799843	False	[10.89474323 10.70741459 10.83386312 10.95809983 10.96150676]
271	11.671618505799843	False	[10.1        10.71046244 10.75361535 10.8161452  10.76482828]
272	11.671618505799843	False	[10.2        10.2        10.72011903 10.6690662  10.56646827]
273	11.671618505799843	False	[10.92811331 11.14811642 10.80207438 11.21662618 11.053808  ]
274	11.671618505799843	False	[10.79036003 10.80891915 10.2        10.82632855 10.87420102]
275	11.671618505799843	False	[10.6257531  10.60359461 10.28496111 10.70301062 10.63627012]
276	11.671618505799843	False	[10.28810797 11.42838578 10.1        11.32045226 11.35546974]
277	11.671618505799843	False	[10.3        10.67874605 10.59299112 10.94351002 10.94513369]
278	11.671618505799843	False	[10.         10.1        10.72452606 10.2        10.5966426 ]
279	11.671618505799843	False	[10.1059726 10.2       10.2916707 10.1       10.1      ]
280	11.671618505799843	False	[10.18973839 10.61916918 10.14729795 10.28929547 10.10120945]
281	11.671618505799843	False	[11.23129506 11.20337405 11.16256419 11.14230284 11.00524163]
282	11.671618505799843	False	[10.9995195  10.9358418  10.3        10.74771659 10.1       ]
283	11.671618505799843	False	[10.17040575 10.11622204  9.92882235 10.1         9.98876487]
284	11.671618505799843	False	[ 9.9        10.76922766 10.83102595 10.87437343 10.1       ]
285	11.671618505799843	False	[10.56471069 10.1        10.1        10.1        10.2       ]
286	11.671618505799843	False	[10.95823943 10.66127376 10.47202573 10.27572082 10.79735309]
287	11.671618505799843	False	[10.39905977 10.45293435 10.21398683 10.19018209  9.86269368]
288	11.671618505799843	False	[10.17512058 10.         10.45529977 10.         10.1       ]
289	11.671618505799843	False	[10.2        10.30463898 10.85920422 10.93032027 10.86769927]
290	11.671618505799843	False	[10.14853105 10.32693237 10.10181665 10.1        10.29409554]
291	11.671618505799843	False	[10.30749148  9.97001242 10.18874618 10.06443752 10.1       ]
292	11.671618505799843	False	[10.0692379  10.27827291 10.17940363 10.20343282 10.15018753]
293	11.671618505799843	False	[10.027733   10.11714138 10.1        10.17872289 10.1       ]
294	11.671618505799843	False	[10.1        10.2        10.75130539 10.48554451 10.53603814]
295	11.671618505799843	False	[10.1        10.36559296  9.99621696 10.07244843 10.29335924]
296	11.671618505799843	False	[10.43925204 10.37259689 10.45089084 10.2417638  10.75765844]
297	11.671618505799843	False	[10.1        10.2        11.37432997 10.2        11.22233062]
298	11.671618505799843	False	[10.1        10.01252406 10.1        10.11277383 10.1       ]
299	11.671618505799843	False	[10.10584793  9.9        10.3278546  10.76330568 10.1       ]
300	11.671618505799843	False	[10.58393103 10.91572254 10.2        11.17995029 10.28430112]
301	11.671618505799843	False	[10.15537202  9.93323124  9.98680534 10.16579306 10.3642333 ]
302	11.671618505799843	False	[11.27556956 11.00077488 10.7049262  11.18986552 10.1       ]
303	11.671618505799843	False	[10.31877764 10.18626986 10.72741294 10.1        10.1       ]
304	11.671618505799843	False	[10.49785604 10.4582712  10.73036954 10.17857389 10.63174915]
305	11.671618505799843	False	[10.87054708 10.         10.1        10.1        10.69597845]
306	11.671618505799843	False	[11.04284741 11.24508747 11.34214095 11.07523527 11.39056313]
307	11.671618505799843	False	[10.93849572 10.19076479 10.41556737 10.56243153 10.54467345]
308	11.671618505799843	False	[10.1        10.29721679 10.7068717  10.1        10.5154685 ]
309	11.671618505799843	False	[10.19017222 10.25814349 10.01675765 10.15698875 10.08449651]
310	11.671618505799843	False	[10.29342811 10.2        10.20159569 10.17930224 10.19184662]
311	11.671618505799843	False	[10.2        10.1952586   9.99983637 10.2        10.        ]
312	11.671618505799843	False	[10.83407911 10.84224069 10.49058971 10.65821223 10.81221131]
313	11.671618505799843	False	[10.3        10.24686008 10.2        10.17668864 10.07185178]
314	11.671618505799843	False	[10.1        11.10897788 11.17182104 10.78716998 10.1       ]
315	11.671618505799843	False	[10.87144838 11.13370914  9.5        10.1        10.79258423]
316	11.671618505799843	False	[10.1        10.36836702 10.33377772 10.30296276 10.05273036]
317	11.671618505799843	False	[10.27521637 10.52963722 10.28958293 10.2021154  10.2       ]
318	11.671618505799843	False	[10.20033628 11.10600411 11.07910341 11.03962531 11.07243618]
319	11.671618505799843	False	[11.22423533 11.2569067  10.1        10.1        10.        ]
320	11.671618505799843	False	[10.70738294 10.53765029 10.1        10.59389356 10.18369671]
321	11.671618505799843	False	[10.59441059 10.29359051 10.1        10.69304347 10.83618632]
322	11.671618505799843	False	[10.1        11.02150801 10.87813676 10.1        11.23492829]
323	11.671618505799843	False	[10.1        10.48644668 10.63946839 10.65194501 10.29416413]
324	11.671618505799843	False	[10.62425332 10.71269313 10.69324468 10.55139626 10.58835314]
325	11.671618505799843	False	[10.3        11.11174798 11.02365359 10.96497631 11.07973147]
326	11.671618505799843	False	[10.60058078 10.20093245 10.92619655 10.70740299 10.84409119]
327	11.671618505799843	False	[10.2169777  10.2        11.2778529  11.16539874 10.1       ]
328	11.671618505799843	False	[11.00092975 10.2        10.30475931 10.72639934 10.83973785]
329	11.671618505799843	False	[10.70066522 10.67861987 10.1        10.64556171 10.81651597]
330	11.671618505799843	False	[10.28589961 10.41498694 10.2        10.2        10.26794603]
331	11.671618505799843	False	[10.2        10.44396264 10.23072018 10.28242436 10.26216515]
332	11.671618505799843	False	[10.93153508 10.97160884 11.06012545 10.2        10.1       ]
333	11.671618505799843	False	[10.18053631 10.2        10.2        10.2        10.83537773]
334	11.671618505799843	False	[11.49097073 11.21786193 10.88169381 11.3327095  10.97752938]
335	11.671618505799843	False	[10.55651315 10.71395982 10.58998088 10.17153416 10.56326486]
336	11.671618505799843	False	[10.76560775 10.2        10.3        10.9157992  10.68119357]
337	11.671618505799843	False	[10.2        10.1        10.15978714 10.67202474 10.2       ]
338	11.671618505799843	False	[10.54137369 11.03545975 10.29888242 10.1        10.2       ]
339	11.671618505799843	False	[11.14300598 10.2        10.12275262 10.21410793 10.2       ]
340	11.671618505799843	False	[10.32371472 10.1        10.63577039 10.62293894 10.91661026]
341	11.671618505799843	False	[10.53306977 10.62466162 10.60713092 10.1        10.40007804]
342	11.671618505799843	False	[10.50648947 10.95661736 11.01072676 11.07869254 10.05893302]
343	11.671618505799843	False	[10.03700775 10.1        10.2        10.10475894 10.36198207]
344	11.671618505799843	False	[10.94755145 10.28682872 11.14477309 10.93601089 10.2       ]
345	11.671618505799843	False	[10.38565085 10.8362358  10.47044535 10.57781158 10.48778261]
346	11.671618505799843	False	[11.26999016 11.64527842 11.46348581 10.2        11.29675639]
347	11.671618505799843	False	[10.3889841  10.12429199 10.21986346 10.36604314 10.28163477]
348	11.671618505799843	False	[11.0339829  10.9044652  10.78812407 10.2313518  10.1       ]
349	11.671618505799843	False	[10.89273356 10.91843513 10.1        10.98228644  9.7       ]
350	11.671618505799843	False	[10.1        10.76765753 10.38658431 10.1        10.03039911]
351	11.671618505799843	False	[10.1        10.         10.7100088  10.29502726 10.61368964]
352	11.671618505799843	False	[10.93325587 10.99298366 10.575875   11.15540343 10.83514755]
353	11.671618505799843	False	[10.14295726 10.40034847 10.22202699 10.11866508 10.2       ]
354	11.671618505799843	False	[10.08432892 10.07715913  9.78902569 10.30310472 10.0378604 ]
355	11.671618505799843	False	[10.31606176 10.74608038 10.2        10.35150136 10.68751498]
356	11.671618505799843	False	[10.47326153 10.24535387 10.1        10.35746275 10.34958473]
357	11.671618505799843	False	[10.12137507 10.1759778  10.1281384  10.2        10.15100626]
358	11.671618505799843	False	[10.1        10.20295691 10.69549504 10.29682999 10.05717582]
359	11.671618505799843	False	[11.02339261 10.2        10.958023   11.25788297 10.84763592]
360	11.671618505799843	False	[11.21752512 10.8497881  11.13853658 10.2        11.12698515]
361	11.671618505799843	False	[10.13596858 10.2         9.99057209 10.1        10.27904253]
362	11.671618505799843	False	[10.28104426 10.22814367  9.94474596 10.06411483 10.1       ]
363	11.671618505799843	False	[10.42619497 10.54123234 10.21287758 10.46253084 10.1037755 ]
364	11.671618505799843	False	[11.52163863 11.13806041 11.54511596 10.93637787 10.        ]
365	11.671618505799843	False	[10.3        10.25094153 10.01765067 10.05492218 10.00628279]
366	11.671618505799843	False	[10.2        10.21423892 10.19294952 10.1        10.46689016]
367	11.671618505799843	False	[10.1        10.2        10.60686906 10.93460333 10.3915279 ]
368	11.671618505799843	False	[10.43825302 10.47752315 10.28162923 10.70051647 10.56339489]
369	11.671618505799843	False	[10.67230113 10.69467895 10.19104442 10.305945   10.52405237]
370	11.671618505799843	False	[10.28904691 10.1        10.28273843 10.1        10.23329621]
371	11.671618505799843	False	[10.1        10.29559461 10.3        10.21231807 11.04318375]
372	11.671618505799843	False	[10.4136639  10.2        10.2        10.53031185 10.30159886]
373	11.671618505799843	False	[10.2        10.         10.07181667 10.09883947 10.05866756]
374	11.671618505799843	False	[10.82752004 10.86852772 10.98091764 10.84543453 10.84465626]
375	11.671618505799843	False	[11.17430759 10.92082869 11.04243203 10.94454993 10.21358265]
376	11.671618505799843	False	[10.16993809 10.2        10.66343823 10.71425838 10.45653447]
377	11.671618505799843	False	[10.31171675 10.31811587 10.31913701 10.58761609 10.21187157]
378	11.671618505799843	False	[10.87109018 11.148955   10.84761952 10.96165501 10.        ]
379	11.671618505799843	False	[10.         10.73802628 10.4939589  10.19236629 10.55499679]
380	11.671618505799843	False	[10.1        10.0813596  10.50801464 10.1        10.1437801 ]
381	11.671618505799843	False	[10.85176394 10.86907114 10.94101427 11.27252897 11.06489513]
382	11.671618505799843	False	[10.73199266 10.97268358 10.77753025 10.91914467 10.99963235]
383	11.671618505799843	False	[11.26946795 11.08725338 11.1460466  11.00503146 10.96741249]
384	11.671618505799843	False	[10.121562   10.18450996  9.70937016 10.26169468 10.2       ]
385	11.671618505799843	False	[11.04619648 11.07679823 10.98848509 10.57893865 10.2       ]
386	11.671618505799843	False	[10.1        10.21856186 10.09599643 10.09941625 10.28647103]
387	11.671618505799843	False	[10.97594674 10.77071515 10.3        10.40382246 10.19109033]
388	11.671618505799843	False	[10.18700849 10.1         9.94100387  9.97669601 10.40318686]
389	11.671618505799843	False	[11.32020708 11.28548734 11.31180948 10.1        10.18978634]
390	11.671618505799843	False	[10.         10.71384592 10.48158569 10.41675919 10.28100731]
391	11.671618505799843	False	[11.16217921 10.          9.9        10.2        11.22237307]
392	11.671618505799843	False	[10.96777578 11.04118642 10.85538417 10.17875483 11.06433268]
393	11.671618505799843	False	[10.48189365 10.1        10.18517863 10.1        10.46810567]
394	11.671618505799843	False	[10.41463931  9.9        10.1        10.1        10.54299919]
395	11.671618505799843	False	[11.03367937 11.13474522 11.01970214 11.06740792 11.51509203]
396	11.671618505799843	False	[10.33454491 10.2        10.0275596   9.76627956 10.26705417]
397	11.671618505799843	False	[11.18193849 11.0984971  10.2        11.30090868 11.06308106]
398	11.671618505799843	False	[10.1        11.10370699 10.1        11.13054295 10.        ]
399	11.671618505799843	False	[10.2        10.83305724 11.09727204 10.8049882  10.66416251]
400	11.671618505799843	False	[10.24829566 10.13897201 10.1        10.2        10.30089932]
401	11.671618505799843	False	[10.20681314 10.1        10.1        10.55665469 10.52449167]
402	11.671618505799843	False	[10.1        10.19999585 10.949656   10.87279319 10.96110237]
403	11.671618505799843	False	[10.27700457 10.36825816  9.94231789 10.2        10.13463895]
404	11.671618505799843	False	[10.1        10.28520182 10.34750675 10.1        10.26780513]
405	11.671618505799843	False	[10.30367883 10.88839703 10.8826374  10.87352404 11.21669427]
406	11.671618505799843	False	[10.2        10.74066549 10.60177496 10.87490446 10.4       ]
407	11.671618505799843	False	[11.01559706 10.1        10.30629263 11.21043368 10.31054893]
408	11.671618505799843	False	[10.69212373 10.50066998 10.81394182 10.81486708 10.78013285]
409	11.671618505799843	False	[10.1        10.73385819 11.21957935 10.92846552  9.98624128]
410	11.671618505799843	False	[10.44163628 10.61073496 10.2        10.2        10.51571938]
411	11.671618505799843	False	[10.48520124 10.2        10.2113678  10.96645837 10.94686679]
412	11.671618505799843	False	[10.1        10.82902393 10.1        10.79090205 10.72876872]
413	11.671618505799843	False	[10.2        10.17646804 10.1952329  10.90250297 10.2       ]
414	11.671618505799843	False	[10.1        10.1        10.27340679 10.28060848 10.18787398]
415	11.671618505799843	False	[11.18735239 11.15676151 10.2        10.1        10.93011163]
416	11.671618505799843	False	[11.09351277 10.2        10.98168907 11.07916446 10.1       ]
417	11.671618505799843	False	[10.97039132 11.16102628 11.24009997 11.23919791 11.18917685]
418	11.671618505799843	False	[10.1        10.1        10.30484536 10.20021339 10.1793952 ]
419	11.671618505799843	False	[10.1       10.2       11.1727353 10.9297076 10.2      ]
420	11.671618505799843	False	[10.77316797 10.1        10.20817125 10.83318466 10.82130318]
421	11.671618505799843	False	[10.1        10.71145898 10.88679855 11.06807408 10.41514832]
422	11.671618505799843	False	[10.2        10.1        10.1        10.97587693 11.0976573 ]
423	11.671618505799843	False	[10.2        10.46883511 10.44379656 10.20543826 10.17558451]
424	11.671618505799843	False	[10.91805029 10.1        11.27516275 10.94580598 10.2       ]
425	11.671618505799843	False	[10.07981952 10.00974631 10.43813958 10.31848871 10.25449597]
426	11.671618505799843	False	[10.19699413 10.03313052  9.8        10.29473614 10.3       ]
427	11.671618505799843	False	[10.78558637 10.71793971 10.82440745 10.96566799 10.2       ]
428	11.671618505799843	False	[10.75062775 10.72156371 10.93021657 10.3        10.2       ]
429	11.671618505799843	False	[10.00883773 10.1        10.278154   10.16514723 10.12454251]
430	11.671618505799843	False	[10.19948138 10.34665395 10.15817176 10.18896929 10.32565188]
431	11.671618505799843	False	[10.66387985 10.2        10.0896777  10.30030165 10.        ]
432	11.671618505799843	False	[10.74996793 10.54255998 10.2        10.48889899 10.2       ]
433	11.671618505799843	False	[10.84135016 11.05130239 10.1804649  10.35591035 10.3       ]
434	11.671618505799843	False	[10.81615064 10.73727621 10.2        10.89274001 10.85861777]
435	11.671618505799843	False	[11.29716926 10.97860288 10.96405073 11.27825585 10.2       ]
436	11.671618505799843	False	[10.98062574 10.6604001  11.1377908  10.95030596 10.2       ]
437	11.671618505799843	False	[10.29192763 10.01440056 10.30897309 10.28216887 10.        ]
438	11.671618505799843	False	[10.48908715 10.81284708 10.61681409 10.65028923 10.5318455 ]
439	11.671618505799843	False	[10.18368457 10.1        10.98090566 10.1        10.1       ]
440	11.671618505799843	False	[10.74682747 10.28533089 10.1        10.1        10.38626876]
441	11.671618505799843	False	[10.1        10.50514396 10.1        10.37136179 10.56962873]
442	11.671618505799843	False	[11.31377001 10.6308267  10.81934256 10.2        10.83314399]
443	11.671618505799843	False	[11.36979294 11.08833387 10.95865102 10.1        10.29128171]
444	11.671618505799843	False	[10.37079122 10.27766972 10.22612727 10.42980759 10.1       ]
445	11.671618505799843	False	[10.29655734 10.2        10.2        10.28809789 10.75326087]
446	11.671618505799843	False	[10.5224725  10.26145941 10.20225286 10.         10.1       ]
447	11.671618505799843	False	[10.50936576 10.1        10.2        10.17498545 10.58544366]
448	11.671618505799843	False	[10.57938893 10.2        10.35493507 10.38735171 10.1       ]
449	11.671618505799843	False	[10.20217138 10.09220341 10.18204088 10.23776097 10.3       ]
450	11.671618505799843	False	[10.28580034 10.02873427  9.9        10.25709258 10.18768474]
451	11.671618505799843	False	[10.55475359 10.2        10.3331395  10.1982411  10.4776621 ]
452	11.671618505799843	False	[10.28134403 10.69725213 10.31814954 10.21396402 10.08492917]
453	11.671618505799843	False	[10.30148636 10.28318177 10.1        10.56733291  9.99455905]
454	11.671618505799843	False	[10.20289609 10.1        10.4385513  10.52027218 10.3995492 ]
455	11.671618505799843	False	[10.31691589 10.3        10.99663132 10.99281777 11.01749241]
456	11.671618505799843	False	[10.69448198 10.06404331 10.17120422 10.30190108 10.81081625]
457	11.671618505799843	False	[10.2        10.5598626  10.1        11.05229384 10.98322552]
458	11.671618505799843	False	[10.2        10.9892417  10.1        11.31034298 10.19451614]
459	11.671618505799843	False	[10.34697659 10.38223673 10.01453694 10.15821024 10.1       ]
460	11.671618505799843	False	[11.19017598 10.08440174 10.7136396  10.30785327 10.85006286]
461	11.671618505799843	False	[11.01046589 10.2        11.26302661 10.98935323 10.1       ]
462	11.671618505799843	False	[10.59332014 10.2        10.37583233 10.5093369  10.43398483]
463	11.671618505799843	False	[10.         10.3        11.04832242 11.14132802 11.18627799]
464	11.671618505799843	False	[10.11305311 10.07157883 10.52361034 10.2        10.14604687]
465	11.671618505799843	False	[10.19419007 10.2        10.29517434 10.0675471   9.99204147]
466	11.671618505799843	False	[10.25833022 10.17612304 10.19242864  9.90637055 10.11469893]
467	11.671618505799843	False	[10.30886014 11.12906715 10.2        11.40276385 11.12489001]
468	11.671618505799843	False	[10.          9.90407051 10.00933272 10.39642447 10.1       ]
469	11.671618505799843	False	[10.1        10.47052481 10.82140117 10.64893678 10.61318548]
470	11.671618505799843	False	[10.52820228 10.3624835  10.54294294 10.35125642 10.37277164]
471	11.671618505799843	False	[10.1        11.05313751 11.34711188 10.8437694  11.02633069]
472	11.671618505799843	False	[10.1        10.4615186  10.81485899 10.75842354 10.71513435]
473	11.671618505799843	False	[10.33924062 10.10917592 10.2412805  10.05732963  9.99529183]
474	11.671618505799843	False	[10.2        10.81582704 10.1        10.96712243 10.32692341]
475	11.671618505799843	False	[10.1        10.60483244 10.545628   10.70362265 10.2       ]
476	11.671618505799843	False	[10.64882794 10.86347882 10.6567958  10.76753174  9.9       ]
477	11.671618505799843	False	[10.47482634 10.76299569 10.70157444 10.21174404 10.74244053]
478	11.671618505799843	False	[10.63358494 10.80867595 10.19137897 10.1        10.1       ]
479	11.671618505799843	False	[10.53207967 10.46413774 10.1        10.2        10.65112478]
480	11.671618505799843	False	[10.08519848 10.34692503 10.19253437 10.2        10.22344529]
481	11.671618505799843	False	[10.80468474 10.56768036 10.27905324 10.1        10.87309915]
482	11.671618505799843	False	[10.2        10.54693096  9.9841384  10.         10.64044711]
483	11.671618505799843	False	[10.76724018 10.6390061  10.60063394 10.5621524  10.63258295]
484	11.671618505799843	False	[10.56318639 10.46095757 10.79796497 10.99282737 10.77757129]
485	11.671618505799843	False	[10.2        10.45922698 10.41215689 10.35590451 10.28002645]
486	11.671618505799843	False	[10.1        11.04279773 10.18561845 11.06799435 10.64240912]
487	11.671618505799843	False	[10.42275206  9.96019393 10.32250331 10.05219556 10.1       ]
488	11.671618505799843	False	[11.19813143 10.89000697 10.74635846 10.82764475 10.30045844]
489	11.671618505799843	False	[11.20003111 11.11609825 11.00367062 11.08784864 10.3897344 ]
490	11.671618505799843	False	[10.81481783 10.82358873 10.61121788 10.91574171 11.25362477]
491	11.671618505799843	False	[10.98721378 10.8912151  10.76837176 10.56041428 10.96451833]
492	11.671618505799843	False	[10.37444136 10.24341107 10.1        10.29722849 10.        ]
493	11.671618505799843	False	[10.60138399 10.36224388 10.61538819 10.5081665  10.        ]
494	11.671618505799843	False	[ 9.77651793 10.31002228 10.2        10.53836341 10.44595045]
495	11.671618505799843	False	[10.63922292 10.2        10.45402992 10.82893218 10.63854098]
496	11.671618505799843	False	[10.39129837 10.29011925 10.10935683 10.10811083 10.1       ]
497	11.671618505799843	False	[10.2        10.1        10.1        11.09717958 11.03323963]
498	11.671618505799843	False	[10.17651912 10.57914957 10.52263968 10.52689194 10.54815872]
499	11.671618505799843	False	[10.64956042 10.57946327 10.1        10.         10.1       ]
500	11.671618505799843	False	[10.4556936  10.28548409 10.60702891 10.1        10.51107478]
501	11.671618505799843	False	[10.1        10.81888001 10.64443716 10.44194042 10.91600302]
502	11.671618505799843	False	[10.52287015 10.51174402 10.24297514 10.77414415 10.61050408]
503	11.671618505799843	False	[ 9.85596689 10.2        10.18114    10.1197802  10.29553305]
504	11.671618505799843	False	[10.1        10.96192289 11.03268712 10.1        11.06984858]
505	11.671618505799843	False	[10.91773121 10.1        10.2        10.1        10.2       ]
506	11.671618505799843	False	[10.19777861 11.21217856 11.08680622 10.1        10.2       ]
507	11.671618505799843	False	[10.41921881 10.2        10.26232968 10.2        10.18409816]
508	11.671618505799843	False	[11.07008786 10.40293872 10.89916486 10.2        10.97525116]
509	11.671618505799843	False	[10.55323164 10.03401907 10.46560082 10.22259074 10.2       ]
510	11.671618505799843	False	[11.28793981 10.80938781 10.99653845 10.2        10.2       ]
511	11.671618505799843	False	[11.07957728 10.95964043 11.21752081 10.09556955 11.08943165]
512	11.671618505799843	False	[10.1        10.66490088 11.22161721 10.1        10.17715875]
513	11.671618505799843	False	[10.69357406 10.61193786 10.49542898 10.71249906 10.50439008]
514	11.671618505799843	False	[11.37444404 11.25322202 11.12404359 11.12886116 11.22416073]
515	11.671618505799843	False	[10.38657829 10.2        10.27058391 10.14111846  9.99541698]
516	11.671618505799843	False	[ 9.5        10.         10.09407578 10.30027255 10.99674156]
517	11.671618505799843	False	[10.88819627 10.78224832 11.07815962 10.86016007 10.97607681]
518	11.671618505799843	False	[10.3        10.17426937 10.1        10.58243134 10.17352661]
519	11.671618505799843	False	[11.15633869 10.2        11.0937386  10.1869234  10.1       ]
520	11.671618505799843	False	[10.9589576  10.37748669 10.82190991 10.1        10.72354665]
521	11.671618505799843	False	[10.2        10.43539044 10.14906315 10.36326546 10.2       ]
522	11.671618505799843	False	[11.11147757 10.90854976 11.16079071 11.34774555 11.15872912]
523	11.671618505799843	False	[10.2        11.03804928 11.09361013 10.1        11.24940767]
524	11.671618505799843	False	[10.96221046 10.20305996 10.30188828 10.18424483 10.86378191]
525	11.671618505799843	False	[10.2        10.31644667 10.03734125 10.2         9.94062301]
526	11.671618505799843	False	[10.3        10.60540218 10.60126368 10.54236852 10.3       ]
527	11.671618505799843	False	[10.52110139 10.2        10.2        10.26651311 10.1       ]
528	11.671618505799843	False	[10.1        10.1        10.55500257 10.48347845 10.3281678 ]
529	11.671618505799843	False	[10.34526787 10.78218948 10.18475919 10.19308344 10.65741892]
530	11.671618505799843	False	[10.93324511 10.6577925  10.82411722 10.91191609 10.1       ]
531	11.671618505799843	False	[10.2        10.1        10.31076611 10.29064289 10.53508519]
532	11.671618505799843	False	[10.30342246 10.         10.09942295  9.67353349 10.36579438]
533	11.671618505799843	False	[10.91186305 10.66969373 10.37419483 10.2        10.80230438]
534	11.671618505799843	False	[10.70138609 10.2        10.90175717 10.1        10.65402062]
535	11.671618505799843	False	[10.1        10.2        11.14903824 10.         10.88743308]
536	11.671618505799843	False	[10.2        10.76146137 10.1        10.95173242 10.69942887]
537	11.671618505799843	False	[10.04499912 10.08437453  9.84429414 10.1        10.02983428]
538	11.671618505799843	False	[10.33666639 10.56072943 10.35313806 10.38656692 10.2       ]
539	11.671618505799843	False	[10.10674746 10.2        11.10040024 10.30088375 11.04110814]
540	11.671618505799843	False	[10.94866577 10.2        10.80439304 10.98855168 11.09154941]
541	11.671618505799843	False	[10.17675725 10.6271278  10.38846061 10.66801278 10.1       ]
542	11.671618505799843	False	[10.4404198  10.03534313 10.1        10.78929329 10.30382677]
543	11.671618505799843	False	[11.04552655  9.6        10.29791043 11.12776055 11.02986275]
544	11.671618505799843	False	[10.96936756 10.1        10.97888524 10.89791017 10.92435221]
545	11.671618505799843	False	[10.         11.14714701 10.1        11.08135047 11.37019567]
546	11.671618505799843	False	[10.63033775 10.71507639 10.88510529 10.1        10.1       ]
547	11.671618505799843	False	[10.59249997 10.2        10.17686015 10.18089977 10.59787742]
548	11.671618505799843	False	[10.15267242 10.11949014  9.98411697 10.34237788 10.68399013]
549	11.671618505799843	False	[10.65085685 10.57734342 10.58869189 10.45405066 10.17337821]
550	11.671618505799843	False	[11.0816033  11.12163911 11.45731064 11.17498666 11.37305651]
551	11.671618505799843	False	[10.1        10.542069   10.17380721 10.82435733 10.72626519]
552	11.671618505799843	False	[10.2        10.1        10.73035837 10.51108829 10.2       ]
553	11.671618505799843	False	[10.09387135 10.43636389 10.16877578 10.2        10.27478775]
554	11.671618505799843	False	[10.96255356 10.80835537 10.18730225 10.30827003 10.62288547]
555	11.671618505799843	False	[10.83428538 10.43059109 10.24741275 10.50966544 10.82360093]
556	11.671618505799843	False	[10.2        10.37089982 10.23020316 10.16157151 10.2       ]
557	11.671618505799843	False	[10.79025534  9.9        10.63603543 10.70742187 10.79827099]
558	11.671618505799843	False	[10.2        10.75343396 10.71060911 10.36236164 10.27591398]
559	11.671618505799843	False	[10.28833337 10.2997079  10.26930236 10.12333988 10.2725843 ]
560	11.671618505799843	False	[11.18406239 10.2        10.95123793 11.40209205 10.19755353]
561	11.671618505799843	False	[10.2        11.14915896 10.1        10.         10.28293763]
562	11.671618505799843	False	[10.1        10.50522844 10.60156523 10.38858876 10.71310704]
563	11.671618505799843	False	[10.76757461 10.29735406 10.2        10.1        10.4287458 ]
564	11.671618505799843	False	[10.30635749 10.31296055 10.0050225  10.2        10.06893361]
565	11.671618505799843	False	[10.1        10.1        10.2        10.31689384  9.94679613]
566	11.671618505799843	False	[ 9.98672123 10.86523037 10.28719216 10.1        10.1       ]
567	11.671618505799843	False	[10.92888489 10.67820301 10.2        10.79040073 10.79419262]
568	11.671618505799843	False	[10.69271354 10.96455228 10.28831209 10.2        10.90114937]
569	11.671618505799843	False	[10.76523507 10.2        10.67524413 10.39479549 10.32644933]
570	11.671618505799843	False	[10.         10.15642939 10.81421959 10.22350293 10.43973383]
571	11.671618505799843	False	[10.27535424 10.2        10.51303656 10.45402391 10.58525172]
572	11.671618505799843	False	[10.85781598 10.8994094  11.1204081  11.0390385  10.2       ]
573	11.671618505799843	False	[10.85411366 10.2        10.1        10.2        10.19375581]
574	11.671618505799843	False	[10.11646633 10.20647003 10.1        10.35232231 10.2       ]
575	11.671618505799843	False	[10.98149472 10.2        10.79238226 10.77232228 10.88119416]
576	11.671618505799843	False	[10.60886364 10.2        10.77227491 10.90527031 10.6499879 ]
577	11.671618505799843	False	[11.31791177 11.15860149 10.64915708 10.1        10.79707323]
578	11.671618505799843	False	[10.3256497  10.2        10.18830076 10.2         9.99920357]
579	11.671618505799843	False	[10.28562233 11.04460579 10.2        11.52401029 10.94270563]
580	11.671618505799843	False	[10.94758794 10.19685121 10.2        10.78415997 10.1       ]
581	11.671618505799843	False	[10.48777795 10.66931167 10.66205511 10.77009546 10.1971882 ]
582	11.671618505799843	False	[10.62152922 10.13874635 10.49753698 10.64280668 10.6631417 ]
583	11.671618505799843	False	[10.2        10.4656713  10.57866002 10.04998301 10.37487424]
584	11.671618505799843	False	[10.67742818 10.1        10.75620181 10.6462415  10.1       ]
585	11.671618505799843	False	[10.50727065 10.17565445 10.1        10.04896134 10.39623719]
586	11.671618505799843	False	[10.87314028 10.91568418 10.72177564 10.2        11.16703907]
587	11.671618505799843	False	[10.85827313 10.1        10.71708067 10.14741052 10.50486891]
588	11.671618505799843	False	[10.36951176 10.3         9.6        10.18764384 10.67399047]
589	11.671618505799843	False	[10.18982463 10.3175066  10.49896096 10.44358551 10.1       ]
590	11.671618505799843	False	[10.19513066 11.29314177 11.23057879 10.1        10.93651922]
591	11.671618505799843	False	[10.1        11.30920509 10.30710933 10.97645837 11.15344972]
592	11.671618505799843	False	[11.09145735 10.1        11.17237838 11.31188867 11.33166583]
593	11.671618505799843	False	[10.37690419 10.27920525 10.40505925 10.32693502 10.        ]
594	11.671618505799843	False	[10.51708108 10.2        10.76932464 10.2        10.92025484]
595	11.671618505799843	False	[10.2         9.89653202  9.67709074 10.17308531 10.05006161]
596	11.671618505799843	False	[10.79299978 10.41576201 10.63858701 10.7704862  10.29549577]
597	11.671618505799843	False	[10.19654441 10.24192472 10.18914069 10.23314723 10.42746687]
598	11.671618505799843	False	[10.09383281  9.98630304 10.2         9.82302588 10.06613291]
599	11.671618505799843	False	[10.         10.38272005 10.57176379 10.58809931 10.59264575]
600	11.671618505799843	False	[10.17556372 10.18059231 10.1        10.21609708 10.1       ]
601	11.671618505799843	False	[10.2863139  10.77174952 10.2        10.1        10.        ]
602	11.671618505799843	False	[10.2        11.31665686 10.1        10.2        10.19304214]
603	11.671618505799843	False	[10.19695576 10.1        10.1        11.16844563 10.2       ]
604	11.671618505799843	False	[10.2        10.17997492 10.18772154 10.8635997  10.1       ]
605	11.671618505799843	False	[10.47010053 10.2        10.60643474 10.2        10.49406679]
606	11.671618505799843	False	[10.2612801  10.43674445 10.1610491  10.13205445 10.54678645]
607	11.671618505799843	False	[10.94060144 10.1        10.0841726  10.         11.07713145]
608	11.671618505799843	False	[10.2        10.96512894 11.07280597 11.16028516 10.1       ]
609	11.671618505799843	False	[10.2        11.15214821 10.96765258 10.79108429 11.0502081 ]
610	11.671618505799843	False	[10.2        10.2        11.20151035 10.1        11.25414883]
611	11.671618505799843	False	[10.58811288 10.1        10.42805705 10.48368826 10.34154945]
612	11.671618505799843	False	[10.2        10.43856758 10.63117382 10.24228529 10.78728754]
613	11.671618505799843	False	[10.43500688 10.94513128 11.10361516 10.93273884 10.1       ]
614	11.671618505799843	False	[10.60857788 10.1        10.83183507 10.1        10.        ]
615	11.671618505799843	False	[10.2        11.3844032  11.4299662  11.3722626  11.36287553]
616	11.671618505799843	False	[10.3        10.20369988 10.91889564 10.1        10.1       ]
617	11.671618505799843	False	[10.33631216 10.17778542 10.04704346 10.32694136 10.28069143]
618	11.671618505799843	False	[10.30215526 10.43839859 10.27590266 10.37553305 10.37000573]
619	11.671618505799843	False	[10.31058317 10.78747272 10.9627324  10.64198532 10.81543691]
620	11.671618505799843	False	[10.79637649 11.12269715 11.24288188 10.2        10.1       ]
621	11.671618505799843	False	[10.45194084 10.52653612 10.62968109 10.3        10.51638218]
622	11.671618505799843	False	[10.30764064 11.37957543 10.1        11.02382389 11.24959062]
623	11.671618505799843	False	[10.1        11.11190381 10.3        10.65270255 10.97608895]
624	11.671618505799843	False	[11.33659256 11.03639456 11.24869626 11.39117969 10.81821582]
625	11.671618505799843	False	[10.26620398 10.1        10.87417682 10.86802196 10.29092566]
626	11.671618505799843	False	[10.09772841 10.99506812 10.7712565  10.2        10.81014666]
627	11.671618505799843	False	[ 9.97841369 10.1        10.0622507  10.02129789 10.40470167]
628	11.671618505799843	False	[10.89925063 10.99200913 11.11680898 10.1        11.03193633]
629	11.671618505799843	False	[11.0712942  10.83206089 10.2        10.89180251 11.13373202]
630	11.671618505799843	False	[10.22747806 10.34528154 10.1        10.15608753 10.10680788]
631	11.671618505799843	False	[10.32539425 10.40983094 10.52571788 10.2        10.6641247 ]
632	11.671618505799843	False	[10.28765561 10.30305248 10.17792822 10.18994927 10.34808468]
633	11.671618505799843	False	[10.70210466 10.84184255 10.64332573 10.19954392 10.69327072]
634	11.671618505799843	False	[11.03942549 10.2        10.22242859 10.1        10.18412067]
635	11.671618505799843	False	[10.92351122 11.14563157 11.22261258 10.7728751  11.02542164]
636	11.671618505799843	False	[10.2058549  10.71937345 10.00234937 10.77557039 10.47132601]
637	11.671618505799843	False	[10.41742564  9.73647391 10.2        10.46545848 10.1       ]
638	11.671618505799843	False	[10.62124431 10.1        10.2        10.1        10.89212929]
639	11.671618505799843	False	[10.2        10.49915845 10.3        10.67077318 10.6681216 ]
640	11.671618505799843	False	[10.2526055  10.53634209 10.31268949 10.09852876 10.15822978]
641	11.671618505799843	False	[10.42728162 10.25790803  9.87839549 10.29290776 10.39787525]
642	11.671618505799843	False	[10.9859999  10.61717461 10.579343   10.764584   10.19260464]
643	11.671618505799843	False	[10.04081771  9.98295081 10.2        10.26026121 10.32182961]
