1	10.710820375957342	True	[10.1        10.4786661  10.71082038 10.6059862  10.66631493]
2	11.03179735801882	True	[11.03179736 10.1        11.02328889 10.55322102 10.84395183]
3	11.087314801734122	True	[10.21915975 11.0873148  10.         10.91645337 10.97783937]
4	11.087314801734122	False	[10.22250456 10.41863493 10.1        10.2        10.52727913]
5	11.319503829971959	True	[10.87242652 10.1        11.31950383 10.26406583 11.10686939]
6	11.319503829971959	False	[10.2        10.18810623 10.17342055 10.11853279 10.38827114]
7	11.319503829971959	False	[10.54241543 10.65024804 10.73827353 10.88819174 10.2       ]
8	11.319503829971959	False	[10.66649569 10.67780064 10.49927364 10.58039248 10.1       ]
9	11.319503829971959	False	[10.41784048 10.68518704 10.37935239 10.62606829 10.53823583]
10	11.319503829971959	False	[10.72673703 10.38579353 10.36221339 10.81220053 10.61722394]
11	11.319503829971959	False	[10.94606797 10.935301   10.2699677  10.2        10.17645586]
12	11.319503829971959	False	[10.         10.8185866  11.18319716 10.09477926 10.1       ]
13	11.319503829971959	False	[10.33523867 10.1        10.1        10.27339444 10.55002616]
14	11.319503829971959	False	[10.         10.40994164 10.27713096 10.41627276 10.24959171]
15	11.319503829971959	False	[10.86011996 11.06417125 10.96845189 10.2198456  10.64545866]
16	11.319503829971959	False	[10.1        10.189879    9.98340039 10.28611145  9.92943832]
17	11.319503829971959	False	[10.28562582 10.94088872 10.30027995 10.76506956 10.92831979]
18	11.319503829971959	False	[10.1927417  10.16539441  9.895193   10.24028794 10.2       ]
19	11.319503829971959	False	[10.         11.13284947 10.98016205 10.79885355 11.09475334]
20	11.319503829971959	False	[10.81423785 10.4040789  10.55052113 10.2        10.19164022]
21	11.319503829971959	False	[10.23372607 10.13070679 10.18441453 10.00366241 10.1       ]
22	11.319503829971959	False	[10.65924292 10.84638319 10.         10.2        10.1       ]
23	11.319503829971959	False	[10.27277591 10.29075425 10.54286523 10.6871015  10.2       ]
24	11.319503829971959	False	[10.75949818 10.85159351 10.40939261 10.86381401 10.5840147 ]
25	11.319503829971959	False	[10.94727275 10.2        11.03806527 11.01647396 10.1       ]
26	11.319503829971959	False	[10.12379852 10.1        10.03685782 10.2        10.07023201]
27	11.319503829971959	False	[10.3825749  10.20988788 10.30411008 10.30325365 10.36911798]
28	11.319503829971959	False	[10.56942795 10.83853614 11.00522588 11.11129606 10.1       ]
29	11.319503829971959	False	[10.73067732 10.1        10.38654327 10.74820654 10.2       ]
30	11.319503829971959	False	[10.33010622 10.16782822  9.93348708  9.7351387  10.32432996]
31	11.319503829971959	False	[10.28609495 10.50548567 10.80707822 10.3548697  10.1       ]
32	11.319503829971959	False	[10.69234476 10.4827524  10.2853167  10.12664616 10.1       ]
33	11.319503829971959	False	[10.84473393 10.80301109 10.2        10.22953443  9.9       ]
34	11.319503829971959	False	[11.11954036 10.29442936 10.90281403 11.0417577  10.99864015]
35	11.319503829971959	False	[11.20185672 11.14327417 10.2        10.94251557 10.69242291]
36	11.319503829971959	False	[10.         10.6906074  10.2        10.32136297 10.1       ]
37	11.319503829971959	False	[10.2        10.2        10.68063673 10.82786131 10.31527668]
38	11.319503829971959	False	[10.21472024 10.44692712 10.87313554 10.86651051 10.62830466]
39	11.319503829971959	False	[10.27053978 10.20177563 10.27152539  9.9519789  10.35311169]
40	11.319503829971959	False	[10.65429615 10.27017805 10.27516    10.15779217 10.2       ]
41	11.319503829971959	False	[10.26553797 10.2        10.82065293 10.17651452 10.54267449]
42	11.319503829971959	False	[10.2        10.56302684 10.26480105 10.52530203 10.1       ]
43	11.319503829971959	False	[10.97094941 10.1        10.91675476 10.71652306 10.62389753]
44	11.319503829971959	False	[10.27905724 10.30353807 10.43492053 10.46998578 10.27311509]
45	11.319503829971959	False	[10.2        10.92112373 11.12059159 10.94625047 10.1       ]
46	11.319503829971959	False	[11.28835174 10.9219116  11.11309955 10.22291    10.1       ]
47	11.319503829971959	False	[10.49879401 10.4760018  10.67840851 10.27072193 10.55693601]
48	11.319503829971959	False	[11.11862962 10.2        11.00460084 10.1        10.2       ]
49	11.319503829971959	False	[10.5186323  10.67492374 10.52582324 10.49254067 10.4770798 ]
50	11.319503829971959	False	[11.06511523 10.1        10.92706204 10.1        11.22430315]
51	11.319503829971959	False	[10.42288437 10.2        11.18410072 11.27340259 11.19501465]
52	11.411756421284988	True	[11.19221864 11.41175642 11.23336713 10.20131516 11.27574371]
53	11.411756421284988	False	[10.59190063 10.1        10.59574711 10.1        10.58189764]
54	11.411756421284988	False	[10.93088547 10.86795024 11.01989625 10.95631632 10.75980512]
55	11.411756421284988	False	[10.6605941  10.8427032  10.85321843 10.3        11.11485881]
56	11.411756421284988	False	[10.05083748  9.98962587 10.24059382 10.17730088 10.06523405]
57	11.411756421284988	False	[10.         10.2        10.17273528 10.66313454 10.        ]
58	11.411756421284988	False	[10.54563191 10.2        10.1         9.7        10.29952648]
59	11.411756421284988	False	[10.19785543 10.37944787 10.44972925 10.36743755 10.43426639]
60	11.411756421284988	False	[10.1        10.1        10.96399617 10.9088727  10.2       ]
61	11.411756421284988	False	[10.29738876 10.2        10.2        10.37839338 10.20467978]
62	11.411756421284988	False	[10.09315198 10.19743907 10.1        10.39435464 10.1       ]
63	11.411756421284988	False	[10.20466804 10.64207027 10.92507811 10.41525132 10.1       ]
64	11.411756421284988	False	[10.1        10.43390567 10.34662254 10.2        10.2       ]
65	11.411756421284988	False	[10.2        11.19610902 11.18200164 10.20888253 10.2       ]
66	11.411756421284988	False	[10.2        11.16820995 11.20841449 11.06152971 10.1       ]
67	11.411756421284988	False	[10.07800781 10.1        10.48967965 10.51873817 10.38778216]
68	11.411756421284988	False	[10.3333822  10.1        10.08505723 10.71489155 10.1       ]
69	11.411756421284988	False	[10.1        10.2        10.89206418 10.79782166 11.27015978]
70	11.411756421284988	False	[10.65825715 10.32610144 10.57048141 10.5462949  10.36287722]
71	11.411756421284988	False	[10.1        10.25982035 10.37874127 10.39615426 10.22645755]
72	11.411756421284988	False	[10.41623006 10.1        10.1        10.1        10.41989107]
73	11.411756421284988	False	[10.1         9.9        10.1        10.26815106 10.54966636]
74	11.411756421284988	False	[10.1        10.27401077 10.49624698 10.18748177 10.27471337]
75	11.411756421284988	False	[10.3        10.53413062 10.27873951 10.2        10.65851407]
76	11.411756421284988	False	[10.2015385  11.01109663 11.09117666 10.1        11.30306642]
77	11.411756421284988	False	[10.1         9.78523629 10.3426736  10.2850191   9.85048804]
78	11.411756421284988	False	[10.22111633  9.76494396 10.1        10.16400397  9.77731691]
79	11.411756421284988	False	[10.1        10.44754586 10.54160447 10.56160184 10.24273297]
80	11.411756421284988	False	[10.2        10.27926631  9.9        10.76629105 11.1061232 ]
81	11.411756421284988	False	[10.04163743 10.51218667 10.13854929 10.27637447 10.1       ]
82	11.411756421284988	False	[10.21363318 10.07974648 10.09669006 10.1         9.94271578]
83	11.411756421284988	False	[10.2        10.3595589  10.38598883  9.93531769 10.11162222]
84	11.411756421284988	False	[11.02994032 10.2        10.19663727 11.21662889 10.91722236]
85	11.411756421284988	False	[10.61416506 10.95003103 10.2        10.7938059  10.1       ]
86	11.411756421284988	False	[10.79524922 11.05702847 10.97240836 10.8658211  10.9958143 ]
87	11.411756421284988	False	[11.0695586  10.1        10.48072384 10.86746843 10.94599665]
88	11.411756421284988	False	[10.2        10.10229642 10.2521025  10.00897552 10.1       ]
89	11.411756421284988	False	[10.1        11.36913628 10.21448848 10.99038027 10.2       ]
90	11.411756421284988	False	[10.17786223 10.68861348 10.73499826 10.67400403 10.1       ]
91	11.411756421284988	False	[10.2        10.59536132 10.80097996 10.62342839 11.21038654]
92	11.411756421284988	False	[10.77930487 10.61465276 10.677428   10.80271541 10.1       ]
93	11.411756421284988	False	[10.1        11.05961352 11.01441982 10.76891585 10.97138265]
94	11.411756421284988	False	[10.19608219 10.1        10.28254636 10.3        10.35319117]
95	11.411756421284988	False	[10.3238623  10.64236297 10.46974823 10.2        10.35210786]
96	11.411756421284988	False	[10.47212611 10.27311109 10.51752753 10.40999356 10.38121535]
97	11.411756421284988	False	[10.2        10.28079153 11.05828659 10.88142327 10.87892516]
98	11.411756421284988	False	[10.70557914 11.0683086  10.88662179 11.17548914 10.85316307]
99	11.411756421284988	False	[10.28565939 10.1        10.1        10.45954608 10.1       ]
100	11.411756421284988	False	[10.1        10.         10.89597293 10.1        10.54022422]
101	11.411756421284988	False	[10.1        10.56861747 10.2        10.         10.71292086]
102	11.411756421284988	False	[10.2        10.84709953 11.05941619 10.92856202 10.        ]
103	11.411756421284988	False	[11.03308221 11.11311472 10.98411892 11.01152349 10.9983556 ]
104	11.411756421284988	False	[10.1        10.44179815 10.2573759  10.44634886  9.98264215]
105	11.411756421284988	False	[10.1602647  10.         10.34915211 10.2        10.39460253]
106	11.411756421284988	False	[10.94979856 10.30421654 10.70315101 10.1        11.05326431]
107	11.411756421284988	False	[10.2        10.2        10.1        10.28848413 10.387799  ]
108	11.411756421284988	False	[10.76620566 10.59474106 10.75585536 11.06534015 10.9491856 ]
109	11.411756421284988	False	[10.2        10.20139595 10.43914694 10.1        10.4       ]
110	11.411756421284988	False	[10.2        10.37072441 10.3        10.1        11.10918016]
111	11.411756421284988	False	[10.         10.87509385 10.1        10.1        10.67891865]
112	11.411756421284988	False	[10.2        10.35948773 10.2        10.5663686  10.1       ]
113	11.411756421284988	False	[10.45793674 10.62015705 10.27843657 10.58846565 10.81721335]
114	11.411756421284988	False	[ 9.7         9.98614307 10.4918702  10.2        10.64362421]
115	11.411756421284988	False	[10.2        10.4297086  10.93486267 10.55852307 10.74716863]
116	11.411756421284988	False	[10.43978411 10.3230742  10.2        10.1        10.16960224]
117	11.411756421284988	False	[11.33265802 11.33120395 10.90249176 10.90907379 11.02479949]
118	11.411756421284988	False	[10.2        10.58926534 10.65765472 10.70792818 10.44794808]
119	11.411756421284988	False	[11.03181862 10.2        10.79064017 10.2        11.08279846]
120	11.411756421284988	False	[10.05393951 10.2        10.17080029 10.15434456 10.31774267]
121	11.411756421284988	False	[10.2        11.14061648 10.2         9.99812188 10.99035453]
122	11.411756421284988	False	[11.02416771 10.3        10.1        10.1        10.30422159]
123	11.449834328469715	True	[10.29986821 10.915593   10.86868835 10.91770285 11.44983433]
124	11.449834328469715	False	[10.37004323 10.1        10.59957745 10.1        10.08509584]
125	11.449834328469715	False	[10.23917546 10.60229383 10.06030374 10.569073   10.44269895]
126	11.449834328469715	False	[10.2        10.2        11.21467683 10.86450649 10.        ]
127	11.4859174346267	True	[10.         11.42094482 11.48591743 11.39308032 10.2       ]
128	11.4859174346267	False	[11.03246948 11.01314956 11.32921612 10.1        10.77090588]
129	11.4859174346267	False	[10.3437065  10.35945816 10.56448724 10.1        10.19316435]
130	11.4859174346267	False	[10.28727158 10.2445364  10.4        10.45380358 10.49389635]
131	11.4859174346267	False	[10.1        11.26818562 11.17357361  9.9        10.        ]
132	11.4859174346267	False	[10.492941   10.42380998 10.12376416 10.40208497 10.16588764]
133	11.4859174346267	False	[10.89603918 10.2        10.2        10.1        10.9394085 ]
134	11.4859174346267	False	[10.15627509 10.1079766  10.02966384 10.4227192  10.51908109]
135	11.4859174346267	False	[11.12296109 10.82469912 11.03757029 11.11017725 10.2027    ]
136	11.4859174346267	False	[10.         11.27160439 11.07330894 11.26579816 10.2       ]
137	11.4859174346267	False	[10.2        10.30837464 10.4        10.43958928 10.3689945 ]
138	11.4859174346267	False	[10.88380488 10.61447897 11.09806493 11.22723612 11.07761485]
139	11.4859174346267	False	[10.35635134 10.1        10.32044445 10.50859018 10.63927769]
140	11.4859174346267	False	[10.76971848 10.7613935  10.83335031 10.56685434 10.88114474]
141	11.4859174346267	False	[10.75015136 10.08942751 10.2        10.21101641 10.59279565]
142	11.4859174346267	False	[10.15847599 10.05427908 10.         10.1        10.16416415]
143	11.4859174346267	False	[10.1        10.13732417 10.2        10.2        10.74191558]
144	11.4859174346267	False	[10.1        11.10105544 10.44339509 10.9016836  10.90858659]
145	11.4859174346267	False	[10.18432051 10.1        11.06000128 10.81931729 10.2       ]
146	11.4859174346267	False	[10.1        10.14727878 10.30932287 10.64175617 10.1       ]
147	11.4859174346267	False	[10.64296726 10.50563831 10.31664691 10.19016195 10.59133121]
148	11.4859174346267	False	[10.91693516 11.42587037 10.98342673 10.1        10.2       ]
149	11.4859174346267	False	[10.6711206  10.58533035 10.         10.1        10.27325816]
150	11.4859174346267	False	[10.22062427 10.2        10.39799303 10.20334023 10.16359227]
151	11.4859174346267	False	[11.18313446 11.10025774 10.3        11.14258698 11.00050561]
152	11.4859174346267	False	[10.3003655  10.79833317 10.2874193  10.29316738 11.06055812]
153	11.4859174346267	False	[10.22936682 10.21400069 10.3038023  10.59423252 10.36453754]
154	11.4859174346267	False	[10.13452862 10.09481371 10.23396487  9.95890885 10.02947465]
155	11.4859174346267	False	[11.29728045 11.1774712  11.19190883 10.         11.11605371]
156	11.4859174346267	False	[10.41169126 10.80741175 10.2        10.31309591 10.96287936]
157	11.4859174346267	False	[10.         10.20132871 10.87065598 10.91343016 11.1700243 ]
158	11.4859174346267	False	[10.4835628  10.06085071 10.1        10.73149476 10.72930202]
159	11.4859174346267	False	[10.91197793 10.2        11.27884034 10.83381206 10.90925215]
160	11.4859174346267	False	[10.92045617 10.01608293 10.2937339  10.2123178  10.1       ]
161	11.4859174346267	False	[11.05612605 11.11212346 10.20634949 10.09927409 10.1       ]
162	11.4859174346267	False	[10.44544387 10.54837943 10.40211729 10.17322186 10.1       ]
163	11.4859174346267	False	[10.74290419 10.80249182  9.7        10.66012281 10.1       ]
164	11.4859174346267	False	[10.19409098 10.88309346 10.29851995 10.93532378 11.07919714]
165	11.4859174346267	False	[10.20537078 10.23776908 10.29960266 10.44579571 10.        ]
166	11.4859174346267	False	[10.36802935 10.40011612 10.14607979 10.15592875 10.28003427]
167	11.4859174346267	False	[10.936004   10.         10.30840578 11.07743354 11.09624195]
168	11.4859174346267	False	[10.1        11.06622747 10.67249146 10.2        10.1       ]
169	11.4859174346267	False	[10.46933035 10.1        10.26514023 10.25967803 10.        ]
170	11.4859174346267	False	[10.1        11.04455975 10.2        10.1972029  10.1       ]
171	11.4859174346267	False	[10.21964155  9.9        10.39691962 10.61448598 10.32287785]
172	11.4859174346267	False	[10.2        11.21002083 11.17231983 10.88749134 10.81697346]
173	11.4859174346267	False	[10.1        10.30079376 10.62853533 10.39950711 10.7052608 ]
174	11.4859174346267	False	[10.31047213 11.11673021 11.21450374 10.1        11.26558604]
175	11.4859174346267	False	[10.28308421 10.43862283 10.53750735 10.40341168 10.19038985]
176	11.4859174346267	False	[11.33939661 10.79730608 10.2        11.09970152 10.6087    ]
177	11.4859174346267	False	[10.87938298 10.55963384 10.66984881 10.32216425 10.66038345]
178	11.4859174346267	False	[10.59811315 10.44380405 10.27789525 10.2        10.5840766 ]
179	11.4859174346267	False	[10.15472622 10.32809073 10.140428   10.20146957 10.1       ]
180	11.4859174346267	False	[10.42704847 10.2        10.60316527 10.63201844 10.60637785]
181	11.4859174346267	False	[10.29139347 10.79589982 10.66906964 10.60446295 10.50118745]
182	11.4859174346267	False	[11.27088907 10.2        10.1        10.2        10.        ]
183	11.4859174346267	False	[10.40027303 10.1        10.66660542 10.56333165 10.4598354 ]
184	11.4859174346267	False	[10.45027436 10.65339937 10.1        10.35247042 10.551481  ]
185	11.4859174346267	False	[10.68059006 10.77722932 10.65597866 10.29056278 10.67603161]
186	11.4859174346267	False	[10.52019365 10.3346048  10.50268166 10.50990779 10.1       ]
187	11.4859174346267	False	[10.1        10.08463641 10.42054968 10.90422937 10.1       ]
188	11.4859174346267	False	[10.         10.82399349 10.6909745  10.29314122 10.        ]
189	11.4859174346267	False	[10.21706091 10.25586539 10.14615509 10.27424916 10.35200655]
190	11.4859174346267	False	[ 9.71866316 10.2        10.00067208 10.3        10.15503025]
191	11.4859174346267	False	[10.87901778 10.99791845 11.11755183 10.30220002 10.8594423 ]
192	11.4859174346267	False	[10.1        10.71916996 10.31750596 10.71728483 10.2       ]
193	11.4859174346267	False	[10.29388525 10.64495555 10.1        10.67065527 10.64465278]
194	11.4859174346267	False	[10.55200889 10.22977442 10.1        10.1        10.1       ]
195	11.4859174346267	False	[10.2        11.25366847 11.19644369 11.28122337 11.23226416]
196	11.4859174346267	False	[10.80562401 10.53936686 10.72180528 10.75054399 10.1       ]
197	11.4859174346267	False	[10.1        10.589044   10.59249751 10.60472633 10.1       ]
198	11.595845138581256	True	[11.20272202 11.3041609  10.1        11.2390185  11.59584514]
199	11.595845138581256	False	[10.1        10.1        11.15623536 10.18786961 10.2       ]
200	11.595845138581256	False	[10.2        10.56801284  9.9        10.31095523 10.30234058]
201	11.595845138581256	False	[10.1        10.29211129 10.19676051 10.33450294 10.19628653]
202	11.595845138581256	False	[10.2         9.8        10.50659714 10.72390032 10.2       ]
203	11.595845138581256	False	[10.01470986 10.77931199 10.17340503 10.86799199 10.79670444]
204	11.595845138581256	False	[10.23896951 10.05173863 10.2        10.1974646  10.31011685]
205	11.595845138581256	False	[10.18703281 10.43966518 10.69523781 10.44796093 10.18507456]
206	11.595845138581256	False	[10.19668718 10.44877473 10.79108836 10.51401607 10.2       ]
207	11.595845138581256	False	[10.24805366 10.2        10.28618663 10.71514384 10.35008003]
208	11.595845138581256	False	[10.17390717 10.87490363 10.2        10.80215756 10.92287851]
209	11.595845138581256	False	[10.36714282 10.26666898 10.10356451 10.21365659 10.2886574 ]
210	11.595845138581256	False	[10.16163466 10.35977876 10.31953116  9.98600318 10.07343205]
211	11.595845138581256	False	[10.45295593 10.30092824 10.1        10.1        10.28021721]
212	11.595845138581256	False	[10.89140805 10.1        10.1        10.93769324 10.95550841]
213	11.595845138581256	False	[10.31043846 10.1        10.29915825 10.66475671 10.1       ]
214	11.595845138581256	False	[10.1        10.19876965 10.29133823 10.28410782 10.28774085]
215	11.595845138581256	False	[10.58364736 10.1        10.89454633 10.80729144 10.1       ]
216	11.595845138581256	False	[10.29931482 10.09950773 10.2        10.31945301 10.1       ]
217	11.595845138581256	False	[10.28816954 11.1031106  11.09177436 10.94371112 11.00938149]
218	11.595845138581256	False	[10.31078955 10.28502802 10.39685299 10.40440768 10.34800706]
219	11.595845138581256	False	[10.20338133 10.8850497  11.09277724 10.1        11.01912714]
220	11.595845138581256	False	[10.34993945 10.2        10.18016745 10.08493553 10.23272156]
221	11.595845138581256	False	[11.04628183 11.10210654 11.30776873 10.30224311 10.96041264]
222	11.595845138581256	False	[10.2        10.1576698  10.06286206  9.90584476 10.3907311 ]
223	11.595845138581256	False	[10.47399361  9.85562673 10.47786939 10.44198119 10.28254793]
224	11.595845138581256	False	[10.19929903 10.82113791 10.2        10.59894435 10.1       ]
225	11.595845138581256	False	[10.55153549 10.09531385 10.2        10.29273021 10.2928104 ]
226	11.595845138581256	False	[10.3889883  10.31899565 10.1        10.20558472 10.20024027]
227	11.595845138581256	False	[10.08851571 10.21654152 10.2896936  10.27340203  9.86350043]
228	11.595845138581256	False	[10.29603048 10.1         9.95142001  9.89369442 10.06382172]
229	11.595845138581256	False	[10.02471967 10.29598425 10.31421775 10.19220246 10.30892959]
230	11.595845138581256	False	[10.21127984 10.20283684 11.4195649  10.81606457 10.1       ]
231	11.595845138581256	False	[10.44567463 10.82467928 10.2        10.19122894 10.17688699]
232	11.595845138581256	False	[10.69795957 10.1        10.98279957 10.2        10.40596164]
233	11.595845138581256	False	[10.2        10.29128582 10.27887516 10.63687932 10.51846979]
234	11.595845138581256	False	[10.41193787 10.48147514 10.1        10.2890184  10.1828471 ]
235	11.595845138581256	False	[10.95786367 10.3        10.2        10.20836064 10.76324502]
236	11.595845138581256	False	[10.2        11.0810904  11.05003796 10.78563461 10.1       ]
237	11.595845138581256	False	[10.29573179 10.82126556 10.1        10.59746185 10.2       ]
238	11.595845138581256	False	[10.18698791 10.27578939 10.2324208  10.          9.97188356]
239	11.595845138581256	False	[10.2        10.82069236 10.9501669  10.9793581  10.2       ]
240	11.595845138581256	False	[10.39173096 10.2        10.29016883 10.04582985 10.04472134]
241	11.595845138581256	False	[10.2        10.83090487 10.78501529 10.29818475 10.89115446]
242	11.595845138581256	False	[10.77104912 10.59593622 10.48648677 10.1        10.53751134]
243	11.595845138581256	False	[10.1        10.07110525 10.1        10.21383052 10.00723258]
244	11.595845138581256	False	[11.48289747 10.19480928 11.13564098 11.13933785 11.41710322]
245	11.595845138581256	False	[10.96865551 10.1        11.06942026 11.06522922 10.1       ]
246	11.595845138581256	False	[10.1        10.48694004 10.48166589 10.2765888  10.4940337 ]
247	11.595845138581256	False	[10.12721799 10.1        10.48755604 10.24102887 10.36341293]
248	11.595845138581256	False	[10.72708253  9.9        10.52264618 10.92937122 10.2       ]
249	11.595845138581256	False	[10.83568759 10.26266816 10.76600212 10.6725942  10.14999123]
250	11.595845138581256	False	[11.0315028  10.2        10.97407851 11.09250096 10.83874539]
251	11.595845138581256	False	[11.1176107  11.02508114 10.95954725 11.21235329 10.30301672]
252	11.595845138581256	False	[10.81128971 10.21378287 10.76990155 10.30238216 11.16962035]
253	11.595845138581256	False	[10.59533871 10.2        10.24485629 10.48854109 10.66769817]
254	11.595845138581256	False	[10.1        10.69143021 11.20745956 10.2        11.04493717]
255	11.595845138581256	False	[11.12680414 10.19736414 11.39263802 10.         10.96687773]
256	11.595845138581256	False	[11.13148267 10.2        10.         10.2        10.93868115]
257	11.595845138581256	False	[10.27022339 10.2        10.1760519  10.65542814 10.1       ]
258	11.595845138581256	False	[10.59135279 10.73961485 10.1        10.66818188 10.1       ]
259	11.595845138581256	False	[11.17771535 10.21048823 10.29145729 10.19678681 11.26910213]
260	11.595845138581256	False	[10.2        11.05320661 10.9374294  10.78642966 10.2       ]
261	11.595845138581256	False	[10.1         9.86263054 10.19893112 10.16021606  9.76254347]
262	11.595845138581256	False	[10.2        10.1        10.2        10.66347902 10.12035653]
263	11.595845138581256	False	[10.32046803 10.65249489 10.19517256 10.28042548 10.        ]
264	11.595845138581256	False	[10.24119471 10.32659161 10.07839058 10.26510457 10.1       ]
265	11.595845138581256	False	[10.83589837 10.3        10.90219475 11.00107783 10.87527002]
266	11.595845138581256	False	[10.2        11.51545844 11.32929849 11.24715367 11.42287461]
267	11.595845138581256	False	[10.30971344 10.08581373 10.1844221  10.20651301 10.07567301]
268	11.595845138581256	False	[10.2        10.6916227  10.56410073 10.70227604 10.59557466]
269	11.595845138581256	False	[10.1        10.19459881 10.46050923 10.63102297 10.89622029]
270	11.595845138581256	False	[10.2        10.87941118 10.79741168 11.11736797 10.85995783]
271	11.595845138581256	False	[10.         10.81319402 10.1        10.90930264 10.83795322]
272	11.595845138581256	False	[10.22225985 10.1        10.2        10.2        10.73789745]
273	11.595845138581256	False	[11.19644128 10.10691977 10.2        10.94376437 10.2       ]
274	11.595845138581256	False	[10.45227602 10.88398994 10.         10.30651049 10.3       ]
275	11.595845138581256	False	[10.58494502 10.18659601 10.83486901 10.2        10.        ]
276	11.710961049342204	True	[11.25626144 11.17926071 11.71096105 11.08477162 11.18846376]
277	11.710961049342204	False	[10.9209109  10.1        10.62402905 10.1788478  10.        ]
278	11.710961049342204	False	[10.9543435  10.1        10.84626817 10.         10.94276663]
279	11.710961049342204	False	[10.21258834 10.28411814 10.09991859  9.82771556 10.1       ]
280	11.710961049342204	False	[10.7586728  10.30283684 10.66403548 10.7066669  10.69281754]
281	11.710961049342204	False	[10.1        10.1        11.33385963 11.094732   11.25485897]
282	11.710961049342204	False	[10.2        11.04392971 10.7235423  10.         10.1       ]
283	11.710961049342204	False	[10.11941059 10.58478007 10.2        10.33987107 10.1       ]
284	11.710961049342204	False	[10.58616498 10.98618648 10.63406064 10.89194489 10.1       ]
285	11.710961049342204	False	[10.44074656 10.53616014 10.18590555 10.2        10.65717873]
286	11.710961049342204	False	[11.04821081 10.59153116 10.81680706 10.90545884 10.2       ]
287	11.710961049342204	False	[10.17520502 10.31081755 10.4073498  10.1        10.1       ]
288	11.710961049342204	False	[10.1        10.0405858  10.2        10.00846643 10.32163297]
289	11.710961049342204	False	[11.02531422 11.18030815 11.03769538 11.05963671 11.0453682 ]
290	11.710961049342204	False	[10.2715884  10.1        10.2        10.11019014 10.32317243]
291	11.710961049342204	False	[10.3        10.2        10.28417778 10.2        10.2       ]
292	11.710961049342204	False	[10.27922125 10.39977898 10.06153828 10.39381892 10.19544671]
293	11.710961049342204	False	[10.1        10.14952326 10.1        10.1        10.25037324]
294	11.710961049342204	False	[10.         10.45143086 10.3        10.2        10.52994721]
295	11.710961049342204	False	[10.3366469  10.15062284  9.90649122  9.94958583 10.19892556]
296	11.710961049342204	False	[10.18580525 10.         10.1        10.14090922 10.44876489]
297	11.710961049342204	False	[11.03805206 10.91250314 11.03586039 10.2        10.2       ]
298	11.710961049342204	False	[10.09507891 10.2        10.07878747 10.25576224 10.20968789]
299	11.710961049342204	False	[10.55263855 10.19896954 10.3        10.49172753 10.2       ]
300	11.710961049342204	False	[10.19057176 10.88265026 10.09430062 10.28588335 10.78937887]
301	11.710961049342204	False	[10.2        10.03368865 10.2        10.         10.29309901]
302	11.710961049342204	False	[10.2        11.17325719 11.06656156 11.0370825  10.96258712]
303	11.710961049342204	False	[10.11071132 10.54042315 10.1        10.50153239 10.34717077]
304	11.710961049342204	False	[10.803761   10.55988816 10.54767969 10.78866779 10.52009246]
305	11.710961049342204	False	[10.64535802 10.65569139 10.67993348 10.34004046 10.685858  ]
306	11.710961049342204	False	[11.18990044 11.20457755 11.06408899 10.1        10.1       ]
307	11.710961049342204	False	[10.67850349 10.9792693  10.1        10.85976426 10.1906475 ]
308	11.710961049342204	False	[10.37516232 10.4414067  10.1        10.82467755 10.1       ]
309	11.710961049342204	False	[10.18908937 10.29582678 10.14898058 10.36198912 10.08042307]
310	11.710961049342204	False	[10.5690373  10.4935732  10.30289498 10.36650209 10.52748421]
311	11.710961049342204	False	[10.2247924  10.03438811 10.1        10.2         9.93325699]
312	11.710961049342204	False	[10.58629632 10.2        10.1        10.00564867 10.66152615]
313	11.710961049342204	False	[10.1        10.13554973 10.1        10.1        10.15853876]
314	11.710961049342204	False	[10.78912613 10.76681041 10.90914936 10.9294532  10.2       ]
315	11.710961049342204	False	[10.95465219 11.10875068 10.20277926 10.7241321  10.19958047]
316	11.710961049342204	False	[10.60354446 10.23592508 10.22574871 10.2680013  10.2       ]
317	11.710961049342204	False	[10.61210513 10.1        10.64830473 10.52903452 10.30943304]
318	11.710961049342204	False	[10.40602755 10.99767439 10.2        10.30539774 10.        ]
319	11.710961049342204	False	[10.2        10.20773515 11.27397083 11.3565133  11.20983445]
320	11.710961049342204	False	[10.63304888 10.1        10.84405202 10.7424608  10.20346598]
321	11.710961049342204	False	[10.18690238 10.1        10.72024473 10.9114246  10.788752  ]
322	11.710961049342204	False	[11.27734696 11.17970084 10.1         9.7        11.13064913]
323	11.710961049342204	False	[10.1        10.69208388 10.1         9.79554316 10.75737888]
324	11.710961049342204	False	[10.1        10.62508484 10.9770593  10.71059105 10.2       ]
325	11.710961049342204	False	[11.21616828 11.16320147 11.16868883 10.2        11.16160385]
326	11.710961049342204	False	[10.80421198 10.2        10.97679913 10.92772769 11.07388694]
327	11.710961049342204	False	[10.82973126 10.1        10.1        11.39606619 11.04412072]
328	11.710961049342204	False	[10.         10.907881   10.77044979 10.84356591 11.08977964]
329	11.710961049342204	False	[10.29966256 10.86700577 10.         10.2        10.87928811]
330	11.710961049342204	False	[10.66004079 10.2        10.43343113 10.1        10.43615575]
331	11.710961049342204	False	[10.41039022 10.49730543 10.17287621 10.18245389 10.31626451]
332	11.710961049342204	False	[11.05705566 11.07706312 11.05987254 11.038228   10.2913999 ]
333	11.710961049342204	False	[10.81948458 10.83338301 10.6589162  10.79774486 10.89434239]
334	11.710961049342204	False	[10.21251582 10.20139015 10.1        11.19647816 10.2       ]
335	11.710961049342204	False	[10.2        10.46020053 10.35251913 10.47973495 10.63693854]
336	11.710961049342204	False	[10.97336876 10.91418406 10.2        10.83344192 10.95110265]
337	11.710961049342204	False	[10.52172429 10.53348709 10.         10.43573177 10.26566254]
338	11.710961049342204	False	[10.         10.15800179 10.78948368 10.18708768 10.27420415]
339	11.710961049342204	False	[10.85324851 11.0209488  11.19649321 10.30885399 10.30999757]
340	11.710961049342204	False	[10.58596801 11.03191181 10.54775994 10.69998369 10.5282374 ]
341	11.710961049342204	False	[10.1        10.38370407 10.29719588 10.         10.2       ]
342	11.710961049342204	False	[10.2        10.57849099 10.91747557 10.1        10.2       ]
343	11.710961049342204	False	[10.1        10.33267272 10.1        10.26775893 10.28030792]
344	11.710961049342204	False	[10.67873677 10.96310333 10.96863527 10.2        11.14049622]
345	11.710961049342204	False	[10.2        10.62995152 10.50983639 10.2        10.59558475]
346	11.710961049342204	False	[11.29724328 10.2        11.08822801 11.10503663 11.35190536]
347	11.710961049342204	False	[10.07355268 10.29463328 10.3        10.28281979 10.28650359]
348	11.710961049342204	False	[10.80289151 10.8518144  11.05754093 10.76782683 10.72964555]
349	11.710961049342204	False	[11.06002678 10.79291684 10.2        10.91077394 10.83419815]
350	11.710961049342204	False	[10.12602584 10.1        10.28174338 10.35332518 10.34553693]
351	11.710961049342204	False	[10.2        10.58061636 10.1        10.74515424 10.37466232]
352	11.710961049342204	False	[10.1        10.67196798 10.71523946 10.1        11.14624137]
353	11.710961049342204	False	[10.133401   10.         10.35494556 10.16153862 10.21290345]
354	11.710961049342204	False	[10.27695927 10.18326248 10.14277633 10.1        10.2       ]
355	11.710961049342204	False	[10.58974436 10.27874371 10.2        10.50087042 10.1       ]
356	11.710961049342204	False	[10.06201388 10.28687036 10.00894532 10.24250078 10.11077007]
357	11.710961049342204	False	[10.26219987  9.74012944 10.16331369 10.18320546 10.17919847]
358	11.710961049342204	False	[10.29627424 10.28819723 10.29298072 10.1        10.88153118]
359	11.710961049342204	False	[10.         11.25424816 10.95889666 10.92156225 10.2       ]
360	11.710961049342204	False	[11.15816377 10.9372879  11.09040612 11.1864444  11.16443222]
361	11.710961049342204	False	[10.38139554 10.42933903 10.06357784 10.22873611 10.55037416]
362	11.710961049342204	False	[10.29873277 10.0809703  10.1         9.74730594 10.07337116]
363	11.710961049342204	False	[10.20278958 10.17588258 10.3        10.28055992 10.33132474]
364	11.710961049342204	False	[11.35052747 10.98980298 11.06123559 11.24753524 10.82883369]
365	11.710961049342204	False	[10.12860974  9.9978623  10.31998655 10.15171673 10.17758485]
366	11.710961049342204	False	[10.24522842 10.16804475 10.2        10.13555398 10.31335657]
367	11.710961049342204	False	[10.67557223 10.1        10.71111509 10.2        10.66795879]
368	11.710961049342204	False	[10.55475629 10.2        10.1        10.52809396 10.27136345]
369	11.710961049342204	False	[10.57811926 10.64048211 10.5815117  10.         10.60908636]
370	11.710961049342204	False	[10.01888279  9.67254092 10.1800189  10.04781682 10.1       ]
371	11.710961049342204	False	[11.02790731 10.10356424 10.84454962 10.2        10.6810744 ]
372	11.710961049342204	False	[10.1         9.9         9.97530723 10.2        10.46726163]
373	11.710961049342204	False	[ 9.79439259 10.27016908 10.02483765 10.03886658 10.03623404]
374	11.710961049342204	False	[11.26507234 10.71945265 10.98797235 11.03776365 10.79809611]
375	11.710961049342204	False	[10.96770522 10.17439941 11.1854778  11.0442498  10.89611233]
376	11.710961049342204	False	[10.1        10.40485466 10.3858195  10.2        10.1       ]
377	11.710961049342204	False	[ 9.94907201 10.2        10.31650365 10.38175237 10.25992885]
378	11.710961049342204	False	[11.1984123  10.8978551  10.2        11.01638672 11.07592814]
379	11.710961049342204	False	[10.31751165 10.1        10.3397073  10.1        10.2       ]
380	11.710961049342204	False	[10.2        10.34091603 10.1        10.56946414 10.3769462 ]
381	11.710961049342204	False	[11.01880687 11.03449488 11.02706238 10.97614242 10.9516137 ]
382	11.710961049342204	False	[11.022645   10.81161385 11.07815708 10.98168508 10.866637  ]
383	11.710961049342204	False	[10.09014802 10.20882141 11.01685361 10.94722347 10.1       ]
384	11.710961049342204	False	[10.14822973 10.1        10.32765013 10.08698703 10.22423268]
385	11.710961049342204	False	[11.13628099 10.2        10.87389279 10.1        10.19778118]
386	11.710961049342204	False	[10.12092708 10.2        10.1         9.91465353 10.1       ]
387	11.710961049342204	False	[10.48323086 10.64700097 10.95359251 10.96705333 10.83017856]
388	11.710961049342204	False	[10.24094502 10.2        10.34456052  9.96119178 10.32425396]
389	11.710961049342204	False	[11.21195586 11.07583158 11.41576686 11.25610119 11.19265291]
390	11.710961049342204	False	[10.2        10.49132058 10.28829215 10.2        10.32550648]
391	11.710961049342204	False	[10.1        10.9600205  10.2        10.20228483 11.16945843]
392	11.710961049342204	False	[11.03095548 10.2        10.1        11.22365742 11.01118347]
393	11.710961049342204	False	[10.35089998  9.9        10.13972863 10.3        10.18544754]
394	11.710961049342204	False	[10.20303593 10.67821926 10.72242705 10.74063823 10.20274503]
395	11.710961049342204	False	[11.16832033 11.22617554 11.21718456 11.01653581 11.04568093]
396	11.710961049342204	False	[10.16119506 10.00277611 10.05217774 10.18061776 10.28423276]
397	11.710961049342204	False	[11.01758483 10.2        10.2        11.15520415 10.95145059]
398	11.710961049342204	False	[10.2        10.3        10.1        11.00249613 11.19840652]
399	11.710961049342204	False	[10.1        10.58004843 10.875654   10.80841452 10.1       ]
400	11.710961049342204	False	[10.17911284 10.2        10.32661906 10.1        10.32861799]
401	11.710961049342204	False	[10.44683525 10.31988722 10.16316813 10.3        10.15201727]
402	11.710961049342204	False	[10.86652757 10.2        10.94703243 10.1        11.02089433]
403	11.710961049342204	False	[10.16451053 10.30830624 10.42934242 10.0991943  10.2       ]
404	11.710961049342204	False	[10.53479353 10.23413999 10.1        10.19934621 10.28142723]
405	11.710961049342204	False	[10.2        10.1        10.9724244  10.89815185 10.19473297]
406	11.710961049342204	False	[11.07751334 10.09891486 10.78031027 10.1        10.75405602]
407	11.710961049342204	False	[10.77409066 10.1        10.1        10.9200417  10.96430117]
408	11.710961049342204	False	[10.2        10.75703587 10.96559091 10.69173065 10.76818975]
409	11.710961049342204	False	[10.1        10.84483411 10.1901399  10.89407631 10.1       ]
410	11.710961049342204	False	[10.29498224 10.1        10.27053543 10.10229132 10.3       ]
411	11.710961049342204	False	[10.93036301 10.2        10.82224034 10.2        11.32620217]
412	11.710961049342204	False	[10.79318539 10.93659871 10.2        10.79310574 11.27290392]
413	11.710961049342204	False	[10.90657807 10.84982627 11.13764284 10.1        10.57607194]
414	11.710961049342204	False	[10.44308743 10.32669696 10.12494593 10.20203956 10.13759604]
415	11.710961049342204	False	[11.02855225 10.3        10.94886733 10.88095667 11.26453757]
416	11.710961049342204	False	[10.1        11.24168768 11.07331064 10.2        11.20675485]
417	11.710961049342204	False	[11.47772823 11.30307175 10.2        10.22058576 11.11223505]
418	11.710961049342204	False	[10.1        10.36424138 10.1        10.38718371 10.27813746]
419	11.710961049342204	False	[10.28765852 10.17002381 10.2        10.84565212 10.1       ]
420	11.710961049342204	False	[10.31274323 10.2        10.96480509 11.13214066 10.73627207]
421	11.710961049342204	False	[10.         10.7505224  10.1        10.94206    10.98082298]
422	11.710961049342204	False	[11.11060902 10.97345725 10.81730484 11.06715888 11.01071228]
423	11.710961049342204	False	[10.1        10.2        10.21047612 10.47758519 10.1       ]
424	11.710961049342204	False	[10.1        10.75728707 10.85910176 10.7872623  10.83961284]
425	11.710961049342204	False	[10.20510694 10.37499166  9.93536959 10.2        10.25601376]
426	11.710961049342204	False	[10.15225612 10.1        10.35367416 10.2029135  10.39008754]
427	11.710961049342204	False	[10.2        10.1        10.         10.61960357 10.1       ]
428	11.710961049342204	False	[11.01699771 10.83111027 10.99413897 11.02599371 10.68897706]
429	11.710961049342204	False	[10.49802811 10.1        10.03625741 10.22338115 10.2       ]
430	11.710961049342204	False	[10.36957814 10.46874121 10.2        10.30811247 10.19376523]
431	11.710961049342204	False	[10.19736518 10.2        10.1         9.80648723 10.37160155]
432	11.710961049342204	False	[10.1        10.53603134 10.44598892 10.2        10.40642691]
433	11.710961049342204	False	[10.972625   10.19698781 10.2        10.80812106  9.8       ]
434	11.710961049342204	False	[10.1        10.60260088 10.65348688 10.90191525 10.1       ]
435	11.710961049342204	False	[11.22378737 11.15198336 10.19682325 11.00322165 10.2       ]
436	11.710961049342204	False	[11.08221973 11.18756684 10.84256921 11.06536334 10.90137983]
437	11.710961049342204	False	[10.43889424 10.28786313  9.96723805 10.20181167 10.01262089]
438	11.710961049342204	False	[10.38684526 10.06529478 10.3         9.70847648 10.        ]
439	11.710961049342204	False	[10.2        10.78256317 10.61273282 10.84802557 10.78935314]
440	11.710961049342204	False	[10.45864203 10.17218974 10.31865109 10.44748939 10.2       ]
441	11.710961049342204	False	[10.58886009 10.70870273 10.10845184 10.1        10.49707292]
442	11.710961049342204	False	[10.2        10.2        11.11547209 11.14068526 10.93723721]
443	11.710961049342204	False	[10.89705391 11.05975905 10.95888153 10.18180908 10.83304125]
444	11.710961049342204	False	[10.27443753 10.47012285 10.2        10.31224032 10.5013631 ]
445	11.710961049342204	False	[10.89117464 10.94219936 11.11738661 11.14459671 10.71548053]
446	11.710961049342204	False	[10.40246538  9.93682284 10.10793661 10.19805384 10.05755572]
447	11.710961049342204	False	[10.48180577 10.2646935  10.2        10.2        10.30438414]
448	11.710961049342204	False	[10.61293014 10.33126692 10.58052962 10.3        10.66985723]
449	11.710961049342204	False	[10.1        10.2        10.18133112 10.27108636  9.96802043]
450	11.710961049342204	False	[10.2         9.90454358  9.95244171  9.9379233  10.24252092]
451	11.710961049342204	False	[10.24170313 10.39791652 10.5489667  10.42192837 10.25469126]
452	11.710961049342204	False	[10.2        10.1        10.2        10.40236808 10.26422688]
453	11.710961049342204	False	[10.1        10.20201195 10.15030217 10.39492557 10.21667877]
454	11.710961049342204	False	[10.44870715 10.35251701 10.10136556 10.1        10.68356989]
455	11.710961049342204	False	[10.71686714 10.1        11.10252842 10.29771437 10.89382402]
456	11.710961049342204	False	[10.42156148 10.43348909 10.49798731 10.39488873 10.56447739]
457	11.710961049342204	False	[10.1        10.1        10.68595554 11.05194972 10.95089686]
458	11.710961049342204	False	[10.1        11.17857065 11.28980138 11.2674732  10.1       ]
459	11.710961049342204	False	[10.2        10.          9.99250768 10.52938012 10.4180056 ]
460	11.710961049342204	False	[11.11516322 10.2        10.2        11.07527081 11.34987395]
461	11.710961049342204	False	[10.5583589  11.04589558 11.25252717 11.14486527 11.1872696 ]
462	11.710961049342204	False	[10.83920871 10.3        10.51146801 10.80791027 10.85437604]
463	11.710961049342204	False	[10.18496515 10.30133616 10.20352035 10.28599378 10.2       ]
464	11.710961049342204	False	[10.28033595 10.1        10.42287957 10.1        10.36666575]
465	11.710961049342204	False	[10.13507809 10.3        10.0180175  10.2        10.17384542]
466	11.710961049342204	False	[10.27619242 10.1        10.26088161 10.34345462 10.30462653]
467	11.710961049342204	False	[11.21612956 11.10850706 11.15403291 10.18816736 11.07013827]
468	11.710961049342204	False	[10.2        10.23840073 10.18996585 10.06748241  9.99019154]
469	11.710961049342204	False	[10.81709145 10.72928947 11.02917248 10.50619416 10.2       ]
470	11.710961049342204	False	[10.         10.1        10.49226677 10.15820168 10.1       ]
471	11.710961049342204	False	[10.31553674 10.97686376 10.1        10.20975382 10.19810497]
472	11.710961049342204	False	[10.67772212 10.863815   10.82070455 10.64332521 10.51906327]
473	11.710961049342204	False	[10.1         9.98179135 10.22693566 10.35810641 10.2       ]
474	11.710961049342204	False	[10.01607138 11.11647051 10.19165001 11.07652765 11.09605823]
475	11.710961049342204	False	[10.79655531 10.57187713 10.1        10.55110486 10.51634897]
476	11.710961049342204	False	[10.76743292 10.71752938 10.75753598 10.5509605  10.77023148]
477	11.710961049342204	False	[10.1        10.32181171 10.70633961 10.71584601 10.2       ]
478	11.710961049342204	False	[10.80241682 10.3887865  10.29977969 10.09669137 10.68212247]
479	11.710961049342204	False	[10.6611133  10.61448624 10.2        10.1        10.18444834]
480	11.710961049342204	False	[10.1        10.1        10.18313182 10.2        10.48949328]
481	11.710961049342204	False	[10.80253456 10.22987864 10.1        10.30438024 10.77171099]
482	11.710961049342204	False	[10.         10.26150988 10.64788321 10.17875721 10.1       ]
483	11.710961049342204	False	[10.45590105 10.43212101 10.63458018 10.29213523 10.16214414]
484	11.710961049342204	False	[10.69453747 10.60157754 10.         10.7337727  10.98876002]
485	11.710961049342204	False	[10.68577513 10.1        10.19084527 10.1        10.1       ]
486	11.710961049342204	False	[11.15072734 10.86088554 10.1        11.36553741 10.78376697]
487	11.710961049342204	False	[10.31695886 10.1487763  10.11489283 10.06650682 10.2       ]
488	11.710961049342204	False	[10.9004681  10.99463708 11.09131312 11.19631981 10.40821953]
489	11.710961049342204	False	[10.93791605 10.30528139 10.83771606 10.         11.06221031]
490	11.710961049342204	False	[10.00019987 10.2        10.2        11.00251834 10.92260024]
491	11.710961049342204	False	[11.0065054  11.40896703 10.71261618 10.98098708 10.1       ]
492	11.710961049342204	False	[10.27602589 10.1        10.1        10.2        10.10915945]
493	11.710961049342204	False	[10.59018706  9.93966652 10.76906306 10.27971315 10.20775716]
494	11.710961049342204	False	[10.73250035 10.62871346 10.         10.69108496 10.33209488]
495	11.710961049342204	False	[10.38220967 10.         10.17493326 10.50527985 10.51045422]
496	11.710961049342204	False	[10.0546289   9.78474342 10.1        10.02964    10.1       ]
497	11.710961049342204	False	[10.1        10.83228612 10.1        10.17608484 11.04081869]
498	11.710961049342204	False	[10.19152157 10.18056883 10.58781199 10.3251732  10.51237408]
499	11.710961049342204	False	[11.22608218 10.6952908  10.58055579 10.87392438 10.61981763]
500	11.710961049342204	False	[10.61172007 10.50699331 10.41329384 10.1        10.27513682]
501	11.710961049342204	False	[10.30466445 10.31091673 10.43504197 10.2        10.81067191]
502	11.710961049342204	False	[10.48704358 10.2        10.53752689 10.         10.25523669]
503	11.710961049342204	False	[10.05538778 10.1        10.20317603 10.18807527  9.97656313]
504	11.710961049342204	False	[10.81812367 10.2        11.25096438 11.03528346 11.07928638]
505	11.710961049342204	False	[10.82480919 11.04488804 10.87757885 10.1        10.2       ]
506	11.710961049342204	False	[11.09631175 11.25263186 10.2        11.22380664 11.23965082]
507	11.710961049342204	False	[10.79658707 10.2        10.18247758 10.2        10.59887996]
508	11.710961049342204	False	[10.93154821 10.0887502  10.18796428 10.76907377 10.71239511]
509	11.710961049342204	False	[10.10672383 10.14145307 10.38026323 10.20501613 10.20754913]
510	11.710961049342204	False	[10.62903979 10.96866982 11.06577948 10.2        11.11969989]
511	11.710961049342204	False	[10.1        11.12234636 11.2484679  10.18908307 11.23798509]
512	11.710961049342204	False	[10.1        10.31056284 10.1        10.1        10.1       ]
513	11.710961049342204	False	[10.21596762 10.40771885 10.73558764 10.48140758 10.4430064 ]
514	11.710961049342204	False	[10.89905437 10.2        10.86911982 11.33159665 11.09312924]
515	11.710961049342204	False	[10.         10.10129414 10.13011224 10.26120169 10.18785852]
516	11.710961049342204	False	[10.2        10.82654387 11.00529591 10.89767926 10.31517524]
517	11.710961049342204	False	[10.30845959 10.65407696 10.16179022 11.0377925  10.73458719]
518	11.710961049342204	False	[10.2        10.1        10.         10.54613481 10.2       ]
519	11.710961049342204	False	[10.10124877 10.3        10.98826734 10.1        10.67090841]
520	11.710961049342204	False	[11.08970686 10.41168333 10.65392181 10.61979867 10.66500664]
521	11.710961049342204	False	[10.49968034 10.38898087 10.50356237 10.51856955 10.12980173]
522	11.710961049342204	False	[10.91053695 10.19438337 11.26564016 11.15259231 10.39106683]
523	11.710961049342204	False	[11.02935869 10.18541134 11.14759894 10.2995947  11.16097913]
524	11.710961049342204	False	[11.04175808 10.88491089 10.78803898 10.86192275 10.21583459]
525	11.710961049342204	False	[10.2        10.28541853 10.00854294 10.2        10.24339392]
526	11.710961049342204	False	[10.2        10.5422659  10.51686536 10.55136618 10.66330561]
527	11.710961049342204	False	[10.2        10.27924928 10.26155308 10.19144581 10.44777865]
528	11.710961049342204	False	[10.33764872 10.31784575 10.5484039  10.30740193 10.68147819]
529	11.710961049342204	False	[10.65467319 10.70985652 10.39263349 10.1        10.73441911]
530	11.710961049342204	False	[10.59690889 10.93174978 10.60398828 10.79377679 10.79581993]
531	11.710961049342204	False	[10.2        10.65823186 10.48797295 10.2        10.32072346]
532	11.710961049342204	False	[10.10871874 10.1        10.1730699  10.44968509 10.08007775]
533	11.710961049342204	False	[10.66973106 10.3026684  10.61742349 11.02151627 10.59040732]
534	11.710961049342204	False	[10.75959958 10.75453783 10.74581436 10.         10.77469785]
535	11.710961049342204	False	[10.2        10.80637182 10.1        10.63537697 11.01586374]
536	11.710961049342204	False	[10.1        10.79020224 10.1        10.9037972  10.77650389]
537	11.710961049342204	False	[10.1149643  10.36815394 10.18964072 10.18443899 10.1       ]
538	11.710961049342204	False	[10.27499808 10.3        10.29450293 10.20355791 10.39983592]
539	11.710961049342204	False	[11.07289719 10.3        10.29441624 11.07517375 10.19196211]
540	11.710961049342204	False	[10.97986565  9.9        11.04141854 11.13855229 10.93360143]
541	11.710961049342204	False	[10.88507529 10.86223638 10.39945539 10.98653245 10.65349309]
542	11.710961049342204	False	[10.         10.2        10.1        10.30146097 10.69972418]
543	11.710961049342204	False	[11.04018103 11.13352679 10.2        10.28459078 10.1       ]
544	11.710961049342204	False	[10.72507323 10.925914   10.73738539  9.9        10.3       ]
545	11.710961049342204	False	[10.19318932 11.16978623 10.3        11.14054172 11.2358299 ]
546	11.710961049342204	False	[10.87864266 10.1        10.73838464 10.84089983 10.85784399]
547	11.710961049342204	False	[10.27850047 10.2731359  10.40316418 10.65770487 10.2       ]
548	11.710961049342204	False	[10.47948233 10.         10.1        10.18351944 10.47733853]
549	11.710961049342204	False	[10.18541991 10.2        10.29221492 10.36854645 10.86583036]
550	11.710961049342204	False	[10.         11.12160016 11.15987899 10.9033675  11.03875102]
551	11.710961049342204	False	[10.78185717 10.1871936  10.83443663 10.65478552 11.00174979]
552	11.710961049342204	False	[10.1       10.        10.640723  10.7337467 10.4752312]
553	11.710961049342204	False	[10.1931513  10.19629645 10.27425631 10.18486079 10.11115042]
554	11.710961049342204	False	[10.2        10.69298502 10.70902819 10.29517723 10.78555615]
555	11.710961049342204	False	[10.84067522 10.70175757 10.05919554 10.67990222 10.14741797]
556	11.710961049342204	False	[10.10183035 10.1         9.99587966 10.22425762 10.02106202]
557	11.710961049342204	False	[10.82957229 10.1        10.19090668 10.88997566 10.1       ]
558	11.710961049342204	False	[10.1        10.73672206 10.7699921  10.19920192 10.06663436]
559	11.710961049342204	False	[10.09995306 10.1        10.11330041  9.960873   10.51837534]
560	11.710961049342204	False	[11.39664539 10.83287947 10.98014742 10.1        11.16418804]
561	11.710961049342204	False	[10.93001979 11.2541206  10.96082297 11.20682438 10.95917762]
562	11.710961049342204	False	[10.37078023 10.66281846 10.9450469  10.54247906 10.67787035]
563	11.710961049342204	False	[10.1        10.56897847 10.18773356 10.41928053 10.18342265]
564	11.710961049342204	False	[10.13112659 10.2        10.29137185 10.35667678 10.05233763]
565	11.710961049342204	False	[10.05706269 10.17577006 10.1474969  10.23416348 10.23382588]
566	11.710961049342204	False	[ 9.9        10.3        10.6724229  10.69952992 10.72441206]
567	11.710961049342204	False	[10.94553524 10.1        10.78829588 11.03024178 10.1       ]
568	11.710961049342204	False	[10.83126096 10.83704195 10.8945578  10.1        10.92646439]
569	11.710961049342204	False	[10.28865344 10.1         9.98437696 10.5744408  10.1       ]
570	11.710961049342204	False	[10.11036961 10.33715208 10.2        10.33364866 10.37427802]
571	11.710961049342204	False	[10.47045262 10.1         9.9        10.18149929 10.2       ]
572	11.710961049342204	False	[10.2        10.85299339 11.12648859 10.1        10.99666909]
573	11.710961049342204	False	[10.97768523 10.09047702 10.94735126 10.2        10.11790182]
574	11.710961049342204	False	[10.91527742 10.1        10.52537822 10.60611303 10.5233348 ]
575	11.710961049342204	False	[10.29390867 10.92285516 10.09457737 10.2        10.38618635]
576	11.710961049342204	False	[10.69519856 10.65526896 10.62649554 10.48064242 10.1       ]
577	11.710961049342204	False	[10.18720669 10.95686809 10.2        10.1        11.03873689]
578	11.710961049342204	False	[10.2        10.08078643 10.15558959 10.18243825 10.2       ]
579	11.710961049342204	False	[11.49255607 10.28053859 11.27088103 10.96192785 11.19347233]
580	11.710961049342204	False	[10.1        10.54485374 10.49652172 10.1        10.67324218]
581	11.710961049342204	False	[10.2        10.60542404 10.1        10.1        10.61129736]
582	11.710961049342204	False	[10.27742937 10.6768436  10.62339381 10.2        10.51709739]
583	11.710961049342204	False	[10.54886445 10.63029617 10.18479251 10.17506049 10.07520041]
584	11.710961049342204	False	[10.65875067 10.2        10.1        10.2        10.29903977]
585	11.710961049342204	False	[10.13734789 10.1        10.26227544 10.1        10.1       ]
586	11.710961049342204	False	[10.1        10.1        11.14726311 10.10891119 10.72801345]
587	11.710961049342204	False	[10.2        10.79521144 10.66141208 10.70819693 10.33034463]
588	11.710961049342204	False	[10.53395657 10.662304   10.65990885 10.30020521 10.39891423]
589	11.710961049342204	False	[10.45387579 10.40429761 10.1        10.30597207 10.35482766]
590	11.710961049342204	False	[10.7518865  10.3        10.30456961 11.07613561 11.08115322]
591	11.710961049342204	False	[10.1        10.30005131 11.32708901 11.46460368 11.28122526]
592	11.710961049342204	False	[10.29313882 10.96278668 11.24135171 11.09217188 11.11695253]
593	11.710961049342204	False	[10.32342671 10.35543915 10.12267796 10.4030859   9.8       ]
594	11.710961049342204	False	[11.04769221 11.19016561 10.21409383 10.1        10.2       ]
595	11.710961049342204	False	[10.08815371  9.9389979  10.13596913 10.04841867 10.2183051 ]
596	11.710961049342204	False	[10.4069701  10.79856282 10.65941154 10.1        10.64425966]
597	11.710961049342204	False	[10.36867079 10.1        10.11863856 10.34356712 10.29951474]
598	11.710961049342204	False	[10.00483617  9.99281454 10.2        10.37519206 10.        ]
599	11.710961049342204	False	[10.65893217 10.31170989 10.36886453 10.47266566 10.2       ]
600	11.710961049342204	False	[10.43646387 10.16586994 10.28273363 10.19428291 10.12270747]
601	11.710961049342204	False	[10.2        10.94796735 10.84560834 10.38885865 11.10384471]
602	11.710961049342204	False	[11.32593192 10.2        10.2        11.47838839 11.06709591]
603	11.710961049342204	False	[10.99904986 10.94703892 10.88852187 11.33490608 10.20420261]
604	11.710961049342204	False	[10.2        10.2        10.18663539 10.07405142 10.51330468]
605	11.710961049342204	False	[10.31944929 10.37010605 10.67909799 10.1        10.52495461]
606	11.710961049342204	False	[10.50071876 10.10041461 10.39328819 10.19586036 10.50639505]
607	11.710961049342204	False	[10.2        11.19112466 10.1        11.22144791 10.        ]
608	11.710961049342204	False	[10.95089105 11.42335705 11.06294129 10.1        11.12611865]
609	11.710961049342204	False	[10.1        10.2        11.01100195 11.24756129 10.74431837]
610	11.710961049342204	False	[11.28818621 11.32111007 10.1        11.23853774 11.37716665]
611	11.710961049342204	False	[10.66114952 10.28882562 10.63702791 10.2        10.33581313]
612	11.710961049342204	False	[10.1        10.33156374 10.49488623 10.45276062 10.49345886]
613	11.710961049342204	False	[10.76619718 10.78125088 10.87153572 10.79182292 10.        ]
614	11.710961049342204	False	[10.2        10.2        10.73634446 10.89139741 10.83821467]
615	11.710961049342204	False	[11.25378192 11.38957412 10.2        10.2        11.39245455]
616	11.710961049342204	False	[11.22306854 10.95298821 10.82167211 10.56120758 10.        ]
617	11.710961049342204	False	[10.14116476 10.37238424  9.97127227 10.13806042 10.1       ]
618	11.710961049342204	False	[10.5724538  10.30519965 10.55268397 10.33119084 10.14398244]
619	11.710961049342204	False	[10.2        11.06738156 10.1        11.05665463 11.0160849 ]
620	11.710961049342204	False	[11.2189047  10.20609364 10.2        11.05350562 11.25687759]
621	11.710961049342204	False	[10.28196496 10.65589231 10.51509973 10.1975075  10.67579358]
622	11.710961049342204	False	[10.28084507 11.18855227 10.89962858 11.22109654 10.2       ]
623	11.710961049342204	False	[11.06661289 10.86009276 11.13280807 10.2        11.02879852]
624	11.710961049342204	False	[10.92799906 10.30349323 11.20854185 10.1        10.1       ]
625	11.710961049342204	False	[10.1        10.68455253 10.89692587 10.1        10.1       ]
626	11.710961049342204	False	[10.29284419 10.59314188 10.28160415 11.16850924 10.1       ]
627	11.710961049342204	False	[10.16558491 10.2        10.19275571 10.11286381 10.        ]
628	11.710961049342204	False	[11.21019649 11.16785429 11.16195203 10.32445679 10.1       ]
629	11.710961049342204	False	[10.19758609 10.29786622 10.21054929 10.1        11.1624995 ]
630	11.710961049342204	False	[10.2        10.16360052 10.16447038 10.03369189 10.17025141]
631	11.710961049342204	False	[10.2        10.46675687 10.34496427 10.11133365 10.48438264]
632	11.710961049342204	False	[10.09372314 10.10548285 10.0206614  10.21418654 10.48588268]
633	11.710961049342204	False	[10.93739703 10.66163417 10.64650893 10.79706995 10.595722  ]
634	11.710961049342204	False	[10.99632298 11.02516398 10.81906398 10.71554165 10.20198246]
635	11.710961049342204	False	[11.08351374 10.98678434 11.23080251 10.86551378 10.2       ]
636	11.710961049342204	False	[10.84489616 10.3579359  10.1        10.75204055 10.1       ]
637	11.710961049342204	False	[10.54356707 10.17696948 10.44210205 10.23238436 10.26066718]
638	11.710961049342204	False	[10.1        11.03731161 10.68796607 10.77698422 10.71560556]
639	11.710961049342204	False	[ 9.9        10.28661954 10.09478086 10.2435754  10.23136017]
640	11.710961049342204	False	[10.2        10.1        10.34181462 10.13007995 10.2949708 ]
641	11.710961049342204	False	[10.62248483 10.36624515 10.17210295 10.19845057 10.28505289]
642	11.710961049342204	False	[10.820167   10.90451066 10.2        10.88951341 10.59730689]
643	11.710961049342204	False	[10.2871781  10.37176518 10.1853013  10.46758961 10.07524182]
644	11.710961049342204	False	[10.93642972 10.95510042 10.2        10.2        10.95783233]
645	11.710961049342204	False	[10.92043775 10.61498423 10.72016519 10.30078138 10.61744635]
646	11.710961049342204	False	[10.28755338 10.2        10.47232738 10.48132093 10.16174801]
647	11.710961049342204	False	[10.2        10.74542966 10.84890639 10.1        10.91183592]
648	11.710961049342204	False	[10.1        10.19796576 10.2        10.51408997 10.1       ]
649	11.710961049342204	False	[10.2        11.24751458 11.17102705 11.22899769 11.34012697]
650	11.710961049342204	False	[10.2        10.29317645 10.23057677 10.1751853  10.27082822]
651	11.710961049342204	False	[ 9.9705276  10.17922847 10.27667433 10.2        10.        ]
652	11.710961049342204	False	[11.16595597 10.2        10.95681936 11.05001553 10.1       ]
653	11.710961049342204	False	[10.1        11.29442502 11.15720679 10.2        10.        ]
654	11.710961049342204	False	[10.56460777 10.3        11.06233738 10.78842813 10.2958566 ]
655	11.710961049342204	False	[10.28291158 10.29864305 10.53981091 10.20207751 10.09379559]
656	11.710961049342204	False	[10.8706873  11.34918889 11.16787577 10.1        10.2       ]
657	11.710961049342204	False	[10.97809597 10.19649953 10.76676318 10.         10.79407117]
658	11.710961049342204	False	[10.39103994 10.44059872 10.1        10.36903895 10.28971754]
659	11.710961049342204	False	[10.32097632 10.3176794  10.1        10.22142498 10.22326144]
660	11.710961049342204	False	[10.7910589  10.78112679 10.2        10.19448396 10.48792671]
661	11.710961049342204	False	[10.51365249 10.1        10.2        10.9130879  10.68808996]
662	11.710961049342204	False	[10.2        10.37341853 10.32302575 10.26562559 10.62619046]
663	11.710961049342204	False	[10.19441925 10.         10.26526108 10.78766212 10.1       ]
664	11.710961049342204	False	[10.79379068 10.1        10.1        10.29444189 10.77097462]
665	11.710961049342204	False	[10.83246526 10.68576794 10.77379457 10.2        10.90892204]
666	11.710961049342204	False	[10.26355093 10.1        10.40387207 10.278219   10.27317637]
667	11.710961049342204	False	[10.58286125 10.1        10.18567265 10.84889895 10.1       ]
668	11.710961049342204	False	[10.20836304 10.59260494 10.2        11.17012362 11.22941576]
669	11.710961049342204	False	[10.2        10.88383665 10.79338228 10.93885702 10.1       ]
670	11.710961049342204	False	[11.31955327 10.         11.24690531 11.35711183 10.20311195]
671	11.710961049342204	False	[10.1        10.49681039 10.1        10.52703182 10.25209758]
672	11.710961049342204	False	[10.19325976 10.36959152 10.08235471 10.1        10.1       ]
673	11.710961049342204	False	[11.11315321 10.1        10.2        10.18392082 11.02021528]
674	11.710961049342204	False	[10.19525796 10.72187878 10.57929991 10.1        10.77636904]
675	11.710961049342204	False	[10.284541   10.2        10.18509478 10.19554212  9.76937932]
676	11.710961049342204	False	[10.2        10.1        10.30236155 10.3        10.35889574]
677	11.710961049342204	False	[11.03497717 10.930132   10.1        10.         10.81125314]
678	11.710961049342204	False	[10.37219105 10.11077001 10.23295978 10.2         9.82212024]
679	11.710961049342204	False	[10.2        10.3345244  10.27688525 10.33338919  9.98871665]
680	11.710961049342204	False	[10.2        11.057194   10.63422071 10.81918749 11.10544718]
681	11.710961049342204	False	[10.80522274 10.1        10.49596048 10.45427586 10.1       ]
682	11.710961049342204	False	[10.31273137 10.50161585 10.1        10.1        10.84574062]
683	11.710961049342204	False	[10.57538409 10.79447833 10.1        10.59363583 10.68212178]
684	11.710961049342204	False	[10.29561671 10.20905227 10.86492801 10.2        10.90675012]
685	11.710961049342204	False	[11.14870879 11.03308708 10.94592301 10.94483321 10.2       ]
686	11.710961049342204	False	[11.22529005 11.1895678  10.95619592 11.4457442  11.24856117]
687	11.710961049342204	False	[11.19104972 10.9650526  10.2        10.79918383 11.09693298]
688	11.710961049342204	False	[10.30666883 11.19069331 10.84901478 11.04768535 10.        ]
689	11.710961049342204	False	[10.94505716 10.2        10.59994019 10.95159818 10.80005801]
690	11.710961049342204	False	[10.48007638 10.2         9.97992079  9.96070507 10.08579704]
691	11.710961049342204	False	[10.1        10.49217135 10.5250953  10.51101463 10.1       ]
692	11.710961049342204	False	[10.1        10.2        10.1         9.97732721 10.192497  ]
693	11.710961049342204	False	[10.29255463 10.1        10.16291774 10.02170213 10.17480543]
694	11.710961049342204	False	[10.18174497 10.1101219  10.1784339  10.35952256 10.11910194]
695	11.710961049342204	False	[10.21086668 10.36566048 10.27235302 10.02862687 10.2       ]
696	11.710961049342204	False	[10.89014785 10.90846499 10.93572536 10.2        10.82967596]
697	11.710961049342204	False	[10.26695361 10.19206407 10.2        10.25982983 10.2       ]
698	11.710961049342204	False	[ 9.93776201 10.1        10.1        10.09650542  9.97291792]
699	11.710961049342204	False	[ 9.93215618 10.17766619 10.17986046 10.2        10.26977437]
700	11.710961049342204	False	[10.19337629 10.72393603 10.78852977 10.10307145 10.1       ]
701	11.710961049342204	False	[11.01813229 11.08206672 10.83947438 10.         10.77326631]
702	11.710961049342204	False	[10.17515693 10.12212838 10.22799286 10.1010629  10.1       ]
703	11.710961049342204	False	[10.07171545 11.12579101 10.9988816  11.13281934 10.28863508]
704	11.710961049342204	False	[11.31891285 10.2        11.18638867 10.1        10.19492309]
705	11.710961049342204	False	[10.1        11.35494056 10.2        10.86605837 11.00627879]
706	11.710961049342204	False	[10.08604322 10.25731787 10.31286073 10.17961141 10.4190239 ]
707	11.710961049342204	False	[10.55673821 10.85445894 10.         10.46205075 10.993567  ]
708	11.710961049342204	False	[10.1        10.51433013 10.38457289 10.10701766 10.41329706]
709	11.710961049342204	False	[10.34208348 10.00282012 10.2        10.3191816  10.25905839]
710	11.710961049342204	False	[10.13915699 10.27811931 10.08792784 10.09563373 10.18482986]
711	11.710961049342204	False	[10.19836065 10.29305965 10.1        10.97749029 10.31468311]
712	11.710961049342204	False	[10.84280072 10.96793665 10.5557163  10.1        10.1       ]
713	11.710961049342204	False	[10.44817814 10.62456923 10.70283614 10.69012466 10.1       ]
714	11.710961049342204	False	[10.30626801 10.1        10.98802546 10.89360167 10.85359075]
715	11.710961049342204	False	[10.81842409 10.19815133 10.1        10.19971449 10.94513212]
716	11.710961049342204	False	[10.1         9.95802052 10.03318139  9.97745683 10.43329401]
717	11.710961049342204	False	[10.98533476 11.16286649 10.3        11.41780285 10.1       ]
718	11.710961049342204	False	[10.99308515  9.8        10.1        10.2        10.2       ]
719	11.710961049342204	False	[11.42780669 10.30138746 10.98893494 10.96899784 11.19905482]
720	11.710961049342204	False	[10.10019521 11.05246066 10.94253392 10.95545313 10.2       ]
721	11.710961049342204	False	[ 9.8        10.1915105  10.72697183 10.56480247 10.3027477 ]
722	11.710961049342204	False	[10.42255698  9.9121333  10.18332241 10.48206422 10.10742534]
723	11.710961049342204	False	[10.24488506 10.2        10.1        10.07754818  9.9       ]
724	11.710961049342204	False	[10.2        10.1        10.84921468 10.1        10.87713333]
725	11.710961049342204	False	[10.28202588 10.39224105 10.78187286 10.22906978 10.52450071]
726	11.710961049342204	False	[11.24166768 10.28294795 10.16086356 10.20419921 11.1098318 ]
727	11.710961049342204	False	[10.30456932 11.18042824 10.2        10.2        11.15242391]
728	11.710961049342204	False	[11.01629958 10.1        10.2        11.03108944 10.9415393 ]
729	11.710961049342204	False	[10.2        10.21662969 10.49925646 10.1        10.2928198 ]
730	11.710961049342204	False	[10.77952933 10.2        10.70925704 10.         10.75642398]
731	11.710961049342204	False	[10.2        11.28244322 10.1        11.23120938 11.35271954]
732	11.710961049342204	False	[10.29451512 10.64044565 10.18122894 10.28162336 10.2       ]
733	11.710961049342204	False	[10.41116565 10.1        10.58164117 10.86032429 10.62910464]
734	11.710961049342204	False	[10.92432956 10.2        10.82084687  9.9        10.2       ]
735	11.710961049342204	False	[10.1        10.2747597  10.07989499 10.28349266 10.70243685]
736	11.710961049342204	False	[10.85634939 10.99682422 10.94614919 10.65606631 10.90276105]
737	11.710961049342204	False	[10.52179375 10.1        10.6704486  10.55574732 10.46684829]
738	11.710961049342204	False	[10.65909966 10.86202203 10.38033017 10.66897284 10.1       ]
739	11.710961049342204	False	[10.89166634 10.19175708 11.11401341 10.08783335 10.2       ]
740	11.710961049342204	False	[10.03887557 10.03268327 10.34982782 10.21696631  9.91087722]
741	11.710961049342204	False	[10.82312488 10.94134252  9.6        10.20343508 10.1       ]
742	11.710961049342204	False	[10.82260634 10.1        10.90186633 10.74109333 10.20377693]
743	11.710961049342204	False	[10.3357438  10.1         9.9        10.54822075 10.74079004]
744	11.710961049342204	False	[11.0854994  10.93552814 10.969593   10.2        11.08978444]
745	11.710961049342204	False	[10.1        11.44130636 11.18650965 11.12753894 10.2       ]
746	11.710961049342204	False	[10.1        10.66094018 10.17749656 10.43652546 10.        ]
747	11.710961049342204	False	[10.29836916 10.2        11.22389909 10.2        10.86220881]
748	11.710961049342204	False	[10.65328866 10.29360091 10.72897192 10.2        10.45862801]
749	11.710961049342204	False	[11.18943239 10.90389465 10.95510489 10.81179271 10.97908916]
750	11.710961049342204	False	[10.61774215 10.1969502  10.21456764 10.80202799 10.20743722]
751	11.710961049342204	False	[10.26359617 10.71287447 10.56106937 10.5412695  10.4803612 ]
752	11.710961049342204	False	[10.1        10.44835911 10.         10.19591167 10.03833786]
753	11.710961049342204	False	[10.00643191 10.43391567 10.02955822 10.10013661  9.93928669]
754	11.710961049342204	False	[10.2         9.98411137  9.85437735 10.18663076 10.17904037]
755	11.710961049342204	False	[10.         10.2         9.84068488 10.14953771 10.2       ]
756	11.710961049342204	False	[10.29265696 11.09753586 10.18460141 10.92433062 11.05364764]
757	11.710961049342204	False	[10.61178237 10.61427407 10.1        10.30550994 10.48541918]
758	11.710961049342204	False	[10.19884614 10.67468252  9.8        10.29704749 10.80679366]
759	11.710961049342204	False	[ 9.94859463 10.12386816  9.66956585 10.04377712 10.1       ]
760	11.710961049342204	False	[10.82240593 10.1        10.95195486 11.12928112 10.2       ]
