1	10.746095610277635	True	[10.74609561 10.2        10.66852167 10.5527317  10.67930041]
2	10.835763945512639	True	[10.753996   10.1        10.79161105 10.57787421 10.83576395]
3	11.265286141904111	True	[11.26357434 10.2        10.75938956 10.79355208 11.26528614]
4	11.265286141904111	False	[10.48816753 10.2        10.65993715 10.1        10.60799464]
5	11.265286141904111	False	[11.25881244 10.2        11.26321793 10.94371201 11.1491422 ]
6	11.265286141904111	False	[10.26828693 10.15885508 10.1        10.10977145 10.23445312]
7	11.265286141904111	False	[10.54369579 10.84230885 10.1        10.77531514 10.18954202]
8	11.265286141904111	False	[10.68095243 10.88190393 10.7843686  10.74154738 10.26933235]
9	11.265286141904111	False	[10.38735902 10.3        10.58161105 10.4575244  10.40422279]
10	11.265286141904111	False	[10.2        10.60237766 10.40343035 10.1        10.65960055]
11	11.265286141904111	False	[11.10879515 11.15037713 11.08509732 10.2        10.2       ]
12	11.265286141904111	False	[11.13736326 11.08569221 10.2        11.14770133 11.16778702]
13	11.265286141904111	False	[10.1 10.2 10.1 10.2 10.1]
14	11.265286141904111	False	[10.1        10.2        10.42918604 10.81959045 10.2       ]
15	11.265286141904111	False	[10.28968608 11.0302558  11.06610297 10.88769336 10.74447292]
16	11.265286141904111	False	[10.33118164 10.1        10.47679661 10.19621712 10.16385635]
17	11.265286141904111	False	[10.84195399 10.53826879 10.2        10.95941805 10.62108584]
18	11.265286141904111	False	[10.37289505 10.1        10.2        10.18339574 10.36726814]
19	11.350017259908773	True	[10.2        10.19803221 11.35001726 10.78321005 10.77269198]
20	11.350017259908773	False	[10.1        10.45308064 10.49026333 10.2        10.47941022]
21	11.350017259908773	False	[ 9.97833056 10.33510092 10.06665985 10.22410485 10.25814797]
22	11.350017259908773	False	[10.3        10.72638978 10.27911712 10.74989692 10.58075346]
23	11.350017259908773	False	[10.2        10.1        10.44664685 10.46971763 10.43299476]
24	11.350017259908773	False	[10.1        10.3590436  10.08677525 10.64352733 10.2       ]
25	11.350017259908773	False	[10.88741993 10.86138313 11.15310293 11.01910589 10.08817207]
26	11.350017259908773	False	[ 9.97931528  9.94305195 10.1        10.1         9.81079915]
27	11.350017259908773	False	[10.08574839 10.23478544 10.1        10.3188681  10.1       ]
28	11.350017259908773	False	[10.1        11.19314508 10.30289194 10.92406644 10.87125653]
29	11.350017259908773	False	[10.66186951 11.0551121  10.30617671 10.84013575 10.94342574]
30	11.350017259908773	False	[ 9.80508557 10.30305547 10.2346574  10.00805324 10.1886232 ]
31	11.350017259908773	False	[10.37201403 10.1        10.2        10.38089585 10.41315282]
32	11.350017259908773	False	[10.37652329 10.22640665 10.34295951 10.46817782 10.36435545]
33	11.350017259908773	False	[10.57867335 10.68499995 10.6675091  10.29451361 10.53566479]
34	11.350017259908773	False	[10.2        10.92925581 10.1        10.2        11.00716694]
35	11.350017259908773	False	[10.1         9.90581322 11.17623752 10.823574   11.09249108]
36	11.350017259908773	False	[10.43522425 10.2        10.28343252 10.2        10.3       ]
37	11.350017259908773	False	[10.93255465 10.29242467 10.1        11.05633815  9.9       ]
38	11.350017259908773	False	[10.2        10.29322848 10.66338761 10.81086726 10.5138225 ]
39	11.350017259908773	False	[10.11424212 10.1        10.46832213 10.48205151 10.26297609]
40	11.350017259908773	False	[10.         10.51665404 10.57347369 10.42518882 10.53978008]
41	11.350017259908773	False	[10.2        10.16447393 10.66304698 10.21825635 10.35710987]
42	11.350017259908773	False	[ 9.9        10.38091029 10.76146806 10.59469699 10.47835284]
43	11.350017259908773	False	[10.63179694 11.02392923 10.87730816 10.31423412 10.1       ]
44	11.350017259908773	False	[10.41806402 10.2         9.98133341 10.53101944 10.43894767]
45	11.350017259908773	False	[11.00879224 10.98083377 10.86201458 10.29223909 10.71948498]
46	11.350017259908773	False	[10.2        11.0583872  10.58049422 10.98081588 10.77199939]
47	11.350017259908773	False	[10.47966278 10.71275991 10.2        10.1        10.18533961]
48	11.415589851998087	True	[10.2        11.12927568 10.         10.86833057 11.41558985]
49	11.415589851998087	False	[10.5927006  10.1        10.32503467 10.49139792 10.1       ]
50	11.415589851998087	False	[10.1        11.26974389 10.         10.2        10.2       ]
51	11.415589851998087	False	[11.0283438  10.19425516 10.2        10.1        11.08471356]
52	11.415589851998087	False	[11.3584367  11.08907964 11.16753103 11.35696381 10.1       ]
53	11.415589851998087	False	[10.73987023 10.2        10.24211222 10.52773012  9.9       ]
54	11.415589851998087	False	[10.74080736 10.97002415 11.18148053 10.19854741 10.3       ]
55	11.415589851998087	False	[11.03377181 10.         10.28123956 11.18784053 10.2       ]
56	11.415589851998087	False	[10.151823    9.92120233 10.2        10.15031058 10.09751805]
57	11.415589851998087	False	[10.88308427 10.92399591 10.2        10.1        10.1       ]
58	11.415589851998087	False	[10.39548918 10.         10.2        10.36847973 10.47732471]
59	11.415589851998087	False	[10.17399824 10.18869565 10.1        10.40887748 10.2       ]
60	11.415589851998087	False	[10.9821348  10.71914749 10.91508218 10.1        11.11261599]
61	11.415589851998087	False	[10.2        10.08660043 10.6909676  10.38405269 10.        ]
62	11.415589851998087	False	[ 9.93893247 10.38535405 10.1        10.18225573 10.12241472]
63	11.415589851998087	False	[10.7954212  10.68133349 10.1        10.1        10.1       ]
64	11.415589851998087	False	[10.3237173  10.1        10.27939974 10.10708905 10.1       ]
65	11.540483901836813	True	[11.00391928 11.5404839  11.10297246 10.1        10.19573216]
66	11.540483901836813	False	[10.2        10.90762343 10.9586207  11.12253854 11.07649879]
67	11.540483901836813	False	[ 9.9        10.1        10.28293846 10.29971272 10.29600094]
68	11.540483901836813	False	[10.65670057 10.2        10.1        10.30057168 10.1       ]
69	11.540483901836813	False	[11.11531087 10.21250649 10.21315907 10.3        10.        ]
70	11.540483901836813	False	[10.2        10.55844661 10.4530285  10.48355921 10.39006276]
71	11.540483901836813	False	[10.36495645 10.16384605 10.         10.17340824 10.17747915]
72	11.540483901836813	False	[10.1        10.38099976 10.1        10.28323374 10.3       ]
73	11.540483901836813	False	[10.2        10.2        10.2        10.27592857 10.47334833]
74	11.540483901836813	False	[10.3478103  10.55142894 10.40478394 10.1        10.32673863]
75	11.540483901836813	False	[10.2        10.08697489 10.8395175  10.85197846 10.29836466]
76	11.540483901836813	False	[10.79230937 11.06687443 10.1        10.94365598 10.2       ]
77	11.540483901836813	False	[10.16486157 10.1959025  10.2         9.94250082 10.20141905]
78	11.540483901836813	False	[ 9.9        10.15462042 10.3317077   9.64973949  9.91591357]
79	11.540483901836813	False	[10.26203758 10.2        10.65440492 10.6134578  10.40365389]
80	11.540483901836813	False	[10.94506772 11.29274034 11.13578819 10.80029132 10.88424881]
81	11.540483901836813	False	[10.4012807  10.2        10.26959879 10.09143368 10.28233467]
82	11.540483901836813	False	[10.06408374 10.40286138 10.2        10.08438524 10.19009788]
83	11.540483901836813	False	[10.1        10.37200748 10.19587419 10.25933761 10.37547376]
84	11.540483901836813	False	[11.05285654 10.1        10.93711147 10.87623849 10.76447802]
85	11.540483901836813	False	[10.98377971 10.20122826 11.0048998  10.3126311  10.2       ]
86	11.540483901836813	False	[10.14123651 11.0191526  11.05786807 10.95040878 10.1       ]
87	11.540483901836813	False	[10.7743027  10.89619261 10.96333186 10.82838338 11.05847082]
88	11.540483901836813	False	[10.1        10.18837501 10.30133447 10.1        10.66545064]
89	11.540483901836813	False	[10.18638339 10.30862851 11.09158827 10.1        10.1       ]
90	11.540483901836813	False	[10.69636865 10.94084375 10.62342667 10.76035187 10.90737156]
91	11.540483901836813	False	[10.68144345 11.04153853 10.98914137 10.63890114 10.78211431]
92	11.540483901836813	False	[11.02015896 10.9146126  10.85328567 10.18761774 10.1       ]
93	11.540483901836813	False	[10.20632487 10.10755766 10.88733047 11.18904659 10.92703653]
94	11.540483901836813	False	[10.28388653 10.05135472 10.13689283 10.14595953 10.1       ]
95	11.540483901836813	False	[10.29708366 10.42821    10.36123015 10.34656648 10.29213079]
96	11.540483901836813	False	[10.40311303 10.33242103 10.13912393 10.5349428  10.46991657]
97	11.540483901836813	False	[10.2        10.7998156  10.1         9.9        11.06908426]
98	11.540483901836813	False	[11.01801486 10.81843783 10.2        10.89337303 11.02800493]
99	11.540483901836813	False	[ 9.84969194 10.15198682 10.2        10.08406535 10.28244074]
100	11.540483901836813	False	[10.85003681 10.71657117 10.82131196 10.65267957 10.78657846]
101	11.540483901836813	False	[10.79238339 10.7235128  10.2        10.2        10.76677818]
102	11.540483901836813	False	[11.21512174 11.2085758  10.1        11.06201937 11.08826136]
103	11.540483901836813	False	[10.1        11.37028989 10.1        11.13036548 11.0576094 ]
104	11.540483901836813	False	[10.25325422 10.2        10.12959288 10.2789559  10.40343563]
105	11.540483901836813	False	[10.48640538 10.17630002 10.49027242 10.25365841  9.899464  ]
106	11.540483901836813	False	[11.19356595 10.96331809 10.17843169 10.96928569 11.12301261]
107	11.540483901836813	False	[10.1       10.4403236 10.6834147 10.1       10.2      ]
108	11.540483901836813	False	[10.41223066 10.91786215 11.00448799 10.2         9.9       ]
109	11.540483901836813	False	[10.1        10.0738841  10.13492243  9.86617294 10.2       ]
110	11.540483901836813	False	[10.31701566 10.2        10.1        10.2        10.1       ]
111	11.540483901836813	False	[10.62793526 10.10166254 10.76167347 10.87618998 11.01944345]
112	11.540483901836813	False	[10.36836023 10.37423704 10.5458224  10.47374263 10.1       ]
113	11.540483901836813	False	[10.1        10.1        10.17562576 10.75845265 10.52411584]
114	11.540483901836813	False	[10.1        10.2        10.4083393  10.2        10.59446123]
115	11.540483901836813	False	[10.92155365 10.2        10.90320258 10.1        10.74326153]
116	11.540483901836813	False	[10.27202545 10.1        10.47701759 10.63439767 10.30354593]
117	11.540483901836813	False	[10.95991017 11.15420344 10.98511468 10.90964334 10.30795962]
118	11.540483901836813	False	[10.306403   10.96790071 10.77194785 10.89913714 11.09417186]
119	11.540483901836813	False	[10.3        10.10633174 11.04005698 10.1        10.203461  ]
120	11.540483901836813	False	[10.26604502 10.47255664 10.21051698 10.19201985 10.00973694]
121	11.540483901836813	False	[11.07646098 11.08479003 11.23036757 10.2        11.23899692]
122	11.540483901836813	False	[11.38710345 10.19883307 10.20827086 10.1        11.24319997]
123	11.540483901836813	False	[10.         10.20485027 11.22801619 10.30125326 11.10949135]
124	11.540483901836813	False	[10.2        10.41818487 10.57473733 10.1        10.40331732]
125	11.540483901836813	False	[10.74554509 10.49010795 10.42715848 10.53435423 10.70392912]
126	11.540483901836813	False	[10.70423288 11.23274273 10.9655378  10.1        10.96743246]
127	11.540483901836813	False	[10.1        11.14515839 11.28875513 10.2        10.1       ]
128	11.540483901836813	False	[10.1        10.91658167 10.86219675 10.10535211 11.02118063]
129	11.540483901836813	False	[10.27157347 10.28124907 10.23463023 10.14264326 10.30771399]
130	11.540483901836813	False	[10.47212442 10.20891668 10.42028383 10.23324808 10.2       ]
131	11.540483901836813	False	[11.07668455 10.19765492 10.0927706  11.19508652 11.04437403]
132	11.540483901836813	False	[10.2         9.87233021 10.37161517 10.27748233 10.0925609 ]
133	11.540483901836813	False	[10.93360066 10.92973698 10.1        10.1        10.28271298]
134	11.540483901836813	False	[10.12646194 10.17902971 10.29529412 10.28608214 10.1       ]
135	11.540483901836813	False	[10.9287984  11.03628611 10.4897615  10.2        10.7131914 ]
136	11.540483901836813	False	[11.0777696  11.28532997 10.86410881 11.08814617 11.14812511]
137	11.540483901836813	False	[10.48841224 10.5174508  10.29709282 10.42337987 10.48665195]
138	11.540483901836813	False	[11.03444083 11.00503461 10.1        11.05475986 10.1       ]
139	11.540483901836813	False	[10.18024524 10.27492476 10.50782505 10.52894989 10.77769507]
140	11.540483901836813	False	[11.05052886 10.1        10.90318773 10.87209037 10.82936347]
141	11.540483901836813	False	[10.1        10.20794965 10.2        10.56797056 10.7733495 ]
142	11.540483901836813	False	[10.1        10.1         9.9786961  10.2        10.13201479]
143	11.540483901836813	False	[10.56471921 10.30991451 10.2682593  10.55554094 10.37546408]
144	11.540483901836813	False	[10.93029317 10.81690678 10.1        10.78437686 10.20500513]
145	11.540483901836813	False	[10.87822126 11.05874212 11.08515448 10.97294748 10.7470244 ]
146	11.540483901836813	False	[11.07519286 10.84732501 10.94177559 10.76252836 10.1       ]
147	11.540483901836813	False	[10.44760541 10.76973089 10.869677   10.50637528 10.1       ]
148	11.540483901836813	False	[11.02742604 11.13212899 11.2228917  10.1        10.2       ]
149	11.540483901836813	False	[10.2        10.34566209 10.49728638 10.58225631 10.44903028]
150	11.540483901836813	False	[10.21925086 10.52388248 10.2        10.52585203 10.1       ]
151	11.540483901836813	False	[10.2        10.82360873 10.98451405 10.96904241 11.30200237]
152	11.540483901836813	False	[10.49754994 11.12391957 10.2        10.29596829 10.73641332]
153	11.540483901836813	False	[10.1        10.45616337 10.54436563 10.47480451 10.        ]
154	11.540483901836813	False	[ 9.53868789  9.7        10.3        10.1         9.89490518]
155	11.540483901836813	False	[11.07473578 11.24068138 11.15768254 11.40086375 11.00835725]
156	11.540483901836813	False	[11.00784757 10.2        10.2        10.90165988 10.18917861]
157	11.540483901836813	False	[10.99650788 11.02655053  9.5        10.83239141 10.99891531]
158	11.540483901836813	False	[10.1        10.50718968 10.4212288  10.18055327 10.33567754]
159	11.540483901836813	False	[10.1        11.06639351 10.2        10.2        10.77327561]
160	11.540483901836813	False	[10.2        10.2        10.29282651 10.2        10.1       ]
161	11.540483901836813	False	[11.01182435 10.8230943  10.83297327 10.97884123 10.94341195]
162	11.540483901836813	False	[10.18722465 10.46370609 10.40863391 10.1        10.2       ]
163	11.540483901836813	False	[10.4626072  10.3        10.60149529 10.69992085 10.75750306]
164	11.540483901836813	False	[10.29656508 10.96523316 10.95376591 10.82453224 10.3       ]
165	11.540483901836813	False	[10.39614269 10.24808494 10.2        10.1        10.1       ]
166	11.540483901836813	False	[10.30027969 10.35640698 10.1        10.26916749 10.17213909]
167	11.540483901836813	False	[11.02472139 11.07685951 11.13915239 10.1        11.02273477]
168	11.540483901836813	False	[10.2        10.98907869 10.84939139 11.0010275  10.92377374]
169	11.540483901836813	False	[10.48520306 10.55251393  9.8        10.18997808 10.45451577]
170	11.540483901836813	False	[11.03549621 11.16538423 11.07154924 11.07489295 10.52170462]
171	11.540483901836813	False	[10.2        10.54980933 10.66300508 10.51104049 10.53132207]
172	11.540483901836813	False	[10.20748579 10.19202369 11.19681807 11.09936116 10.2       ]
173	11.540483901836813	False	[10.53611591 10.2        10.43642579 10.75934853 10.29731739]
174	11.540483901836813	False	[10.1        10.2        10.1        11.41159977 11.33890358]
175	11.540483901836813	False	[10.2        10.29534653 10.08895908 10.33178056 10.26263579]
176	11.540483901836813	False	[10.         10.5748729  10.1         9.91381923 10.20740834]
177	11.540483901836813	False	[10.84239117  9.99771869 10.20336283 10.73650411 10.59419381]
178	11.540483901836813	False	[10.2        10.57299347 10.16515871 10.3694495  10.45259024]
179	11.540483901836813	False	[10.1        10.21649778 10.53309161 10.22298883 10.11116574]
180	11.540483901836813	False	[10.43785008 10.2816939  10.1        10.41173774 10.27795371]
181	11.540483901836813	False	[10.2       10.2       10.1       10.3       10.4163391]
182	11.540483901836813	False	[10.94554993 10.99295634 11.30249554 10.1        11.18348892]
183	11.540483901836813	False	[10.70749268 10.2937117  10.1        10.1842496  10.27154337]
184	11.540483901836813	False	[10.27842485 10.1        10.49248442 10.2        10.62631164]
185	11.540483901836813	False	[10.6513034  10.86516013 10.93255711 10.59327372 10.2       ]
186	11.540483901836813	False	[10.2        10.49719298 10.2        10.4749274  10.3       ]
187	11.540483901836813	False	[10.86368326 10.08079202 10.64160267 10.2        10.75283195]
188	11.540483901836813	False	[10.55247417 10.56798771 10.52038504 10.3296272  10.22352475]
189	11.540483901836813	False	[10.16462078 10.38472793 10.27772856 10.2        10.12791639]
190	11.540483901836813	False	[10.2        10.1        10.2        10.07986528 10.04544136]
191	11.540483901836813	False	[10.40084292 10.28399453 10.32256314 10.10676786 10.9238691 ]
192	11.540483901836813	False	[10.1        10.1        10.80394196 10.1        10.82971997]
193	11.540483901836813	False	[10.63072523 10.95320672 10.48333857 10.1        11.00997236]
194	11.540483901836813	False	[10.1        10.38273549 10.2        10.11868412 10.2       ]
195	11.540483901836813	False	[10.19860181 11.24322347 11.01394207 11.43616236 10.1       ]
196	11.540483901836813	False	[10.61359945 10.4248415  10.96044297 10.70906175 10.1       ]
197	11.540483901836813	False	[10.         10.69531972 10.2        10.28303613 10.31590114]
198	11.637305377711469	True	[11.2254806  11.56765855 11.22813241 11.63730538 11.25335585]
199	11.637305377711469	False	[11.08730333 11.33617511 10.2        11.32249297 10.3       ]
200	11.637305377711469	False	[10.1200879  10.34620595 10.48361856 10.1        10.25907614]
201	11.637305377711469	False	[10.40382036 10.26917673 10.00450086 10.37303297 10.39826998]
202	11.637305377711469	False	[10.70965154 10.64952912 10.33188547 10.85345822 10.38480036]
203	11.637305377711469	False	[10.89267837 10.92521102 10.80821349 10.6394738  10.1       ]
204	11.637305377711469	False	[10.1        10.03883356 10.17806572  9.80516194 10.65250143]
205	11.637305377711469	False	[10.2        10.1        10.19836971 10.58157387 10.41234138]
206	11.637305377711469	False	[10.1        10.1        10.51961427  9.5        10.2       ]
207	11.637305377711469	False	[10.45090618 10.48819651 10.2        10.90149838 10.63726489]
208	11.637305377711469	False	[11.03961018 10.19983938 10.1        10.2        10.85190348]
209	11.637305377711469	False	[10.18512551 10.26945231 10.16098691 10.1        10.17151439]
210	11.637305377711469	False	[10.2101305  10.14194224  9.92961636 10.50195813  9.74822116]
211	11.637305377711469	False	[10.32791223 10.57044344 10.2        10.4199675  10.50064969]
212	11.637305377711469	False	[10.1        10.38613123 10.93992856 10.1        10.75691894]
213	11.637305377711469	False	[10.69257614 10.73985544 10.2        10.         10.6402161 ]
214	11.637305377711469	False	[ 9.9        10.34065921 10.53161385 10.210451   10.2       ]
215	11.637305377711469	False	[11.11381086 10.1857787  10.95447556 10.84184888 10.76447875]
216	11.637305377711469	False	[10.3        10.03418705 10.26155966 10.04744273 10.10374749]
217	11.637305377711469	False	[10.84289423 11.42855488 10.90461169 11.36270393 11.17618411]
218	11.637305377711469	False	[10.1050927  10.38376271 10.2914916  10.56761036 10.76528579]
219	11.637305377711469	False	[10.2        10.1        10.89556725 10.82009406 11.14197466]
220	11.637305377711469	False	[10.22682895 10.03933743 10.01024736 10.26974517 10.10144316]
221	11.637305377711469	False	[11.18088925 11.12439706 11.09552951 11.19311617 10.2       ]
222	11.637305377711469	False	[10.1        10.21057769 10.07566966 10.19224769 10.32985159]
223	11.637305377711469	False	[10.67819056 10.08060026 10.52801901 10.36066594 10.5860583 ]
224	11.637305377711469	False	[10.58623741 10.66554757 10.19638355 10.2        10.90278145]
225	11.637305377711469	False	[10.83861079 11.02676381 10.30380423 10.         10.2       ]
226	11.637305377711469	False	[10.18139514 10.2        10.11701516 10.2        10.1       ]
227	11.637305377711469	False	[10.06092109 10.2         9.89718092 10.2        10.06497385]
228	11.637305377711469	False	[10.2         9.58890579 10.19380396 10.13321359  9.93014381]
229	11.637305377711469	False	[ 9.97347119 10.28943892 10.28976681 10.11557362 10.26875088]
230	11.637305377711469	False	[11.18662269 10.1        10.09122155 11.28877962 11.17716117]
231	11.637305377711469	False	[10.67624343 10.61059883 10.1        11.10193581 10.75181813]
232	11.637305377711469	False	[10.         10.4        10.3        10.74962337 10.1       ]
233	11.637305377711469	False	[10.         10.1        10.430337   10.61259211 10.70645615]
234	11.637305377711469	False	[10.2637758  10.52735278 10.16484289 10.40808431 10.28043788]
235	11.637305377711469	False	[10.2        10.91081134 10.         10.         10.2       ]
236	11.637305377711469	False	[10.29079904 11.02443168 10.1        11.07948684 10.2       ]
237	11.637305377711469	False	[10.61953888 10.95958767  9.9        10.1        10.19773506]
238	11.637305377711469	False	[10.20048867 10.29093944 10.17633858 10.2        10.18095493]
239	11.637305377711469	False	[11.13267491 11.36676307 11.05697989 10.29042539 10.        ]
240	11.637305377711469	False	[10.15653509 10.00682972 10.25521271 10.29319427 10.08768997]
241	11.637305377711469	False	[11.00346667 10.29221804 10.931538   11.28466923 11.18872132]
242	11.637305377711469	False	[10.28343717 10.47840071 10.56628773 10.80345457 10.57643636]
243	11.637305377711469	False	[10.23361354 10.29927214 10.3        10.28170354 10.37460913]
244	11.637305377711469	False	[11.31257604 11.39634178 11.11652586 11.02965141 11.27119497]
245	11.637305377711469	False	[11.22796598 10.98182925 10.28558635 11.21958567 11.13586775]
246	11.637305377711469	False	[10.62106163 10.36355705 10.48278031 10.         10.2       ]
247	11.637305377711469	False	[10.17085378 10.17746798 10.4136871  10.30554017 10.34563135]
248	11.637305377711469	False	[10.62229304 10.49323085 10.385451   10.70406976 10.08745322]
249	11.637305377711469	False	[10.59485647 10.1        10.85810018 10.34816479 10.43208596]
250	11.637305377711469	False	[11.07638419 10.73680354 10.3        10.87075715 10.93919765]
251	11.637305377711469	False	[11.12503361 11.33180392 11.34720215 11.0349056  10.2       ]
252	11.637305377711469	False	[10.32043305 10.9213965  10.11501481 11.12727752 10.85195224]
253	11.637305377711469	False	[10.41462679 10.34890467 10.487475   10.1        10.26325925]
254	11.637305377711469	False	[10.2        11.09316304 11.15762538 10.1        10.1       ]
255	11.637305377711469	False	[10.1        11.08626736 11.08468649 11.16672997 11.29011278]
256	11.637305377711469	False	[11.03914121 10.91612071 11.06754955 11.0848241  10.10713157]
257	11.637305377711469	False	[10.1        10.1        10.3        10.2        10.37207291]
258	11.637305377711469	False	[10.65433467 10.64198778 10.57106609 10.6939059  10.77114027]
259	11.637305377711469	False	[10.91890937 11.04439828 10.         11.24005168 11.28115976]
260	11.637305377711469	False	[11.01845329  9.90496915 11.42445581 10.76622076 10.22197144]
261	11.637305377711469	False	[10.28903479 10.40378745 10.00868567 10.2        10.15258178]
262	11.637305377711469	False	[10.1        10.51501276 10.2        10.10818794 10.05542814]
263	11.637305377711469	False	[10.1        10.38649251 10.12098998 10.55992869 10.65086024]
264	11.637305377711469	False	[10.58961969 10.50680092 10.40681082 10.13093632 10.49316351]
265	11.637305377711469	False	[10.89595409 10.49943217 11.22652006 10.1        10.8613059 ]
266	11.637305377711469	False	[10.1        11.52685134 11.05028782 11.09182704 10.1       ]
267	11.637305377711469	False	[10.17367648 10.18700643 10.10088202 10.1        10.34823542]
268	11.637305377711469	False	[10.1        10.3378349  10.28324314 10.60324249 10.37769277]
269	11.637305377711469	False	[10.2        11.09753186 10.7027548  10.2        10.56696032]
270	11.637305377711469	False	[10.89146822 10.6375351  10.90474912 10.78295105 10.94665933]
271	11.637305377711469	False	[10.70815435 10.96904028 10.92456509 10.63530273 10.1       ]
272	11.637305377711469	False	[10.29545977 10.82155479 10.1        10.68691228 10.2       ]
273	11.637305377711469	False	[11.48989829 10.1        11.08915315 10.3        10.1       ]
274	11.637305377711469	False	[10.92690623 10.72764183 10.98021831 10.97042825 10.1       ]
275	11.637305377711469	False	[10.1        10.78224846 10.19262906 10.6783157  10.1       ]
276	11.637305377711469	False	[11.4272827  11.39012646 11.42602315 11.34772973 10.3       ]
277	11.637305377711469	False	[10.78962444 10.80816683 10.9382412  10.29910945 10.68007644]
278	11.637305377711469	False	[11.02315823 10.19372522 10.27713713 10.79391224 10.2       ]
279	11.637305377711469	False	[10.08373133 10.2        10.08998975 10.2        10.22346028]
280	11.637305377711469	False	[10.2        10.68487661 10.53255581 10.46844077 10.29730724]
281	11.637305377711469	False	[11.31873503 11.10356554 10.2        10.10667576 10.86740725]
282	11.637305377711469	False	[11.03000485 10.10639405 10.95698022 10.79131361 10.6131609 ]
283	11.637305377711469	False	[10.1        10.38207579 10.41398125  9.9910981  10.27031069]
284	11.637305377711469	False	[10.2        10.89795005 10.1        10.75444158 11.51852051]
285	11.637305377711469	False	[10.1        10.59085615 10.43888655 10.2970518  10.51986414]
286	11.637305377711469	False	[10.50432587 10.1        10.9243609  10.63497981 10.66166295]
287	11.637305377711469	False	[10.37674815 10.3300302  10.37968262 10.2        10.32383895]
288	11.637305377711469	False	[10.21582772 10.08542319 10.28064043 10.19760106 10.38184537]
289	11.637305377711469	False	[11.19678082 10.2        10.1        10.83931321 10.1       ]
290	11.637305377711469	False	[10.47101321 10.         10.2        10.20611965 10.30781481]
291	11.637305377711469	False	[ 9.68124366 10.17585889 10.18510424 10.3        10.15531931]
292	11.637305377711469	False	[ 9.96819105 10.30657524 10.18386343 10.16471056 10.14346539]
293	11.637305377711469	False	[10.01847154 10.1        10.1        10.1        10.1       ]
294	11.637305377711469	False	[10.52353158 10.48295057 10.27990231 10.6645982  10.65353908]
295	11.637305377711469	False	[ 9.94983785 10.02903512  9.80489266 10.2424128  10.        ]
296	11.637305377711469	False	[10.3        10.30740121 10.2        10.15992341 10.30543281]
297	11.637305377711469	False	[11.11040332 10.96301941 11.09288174 10.1        11.22194181]
298	11.637305377711469	False	[10.27730202 10.1        10.18488061 10.02326395 10.13801034]
299	11.637305377711469	False	[10.4258969  10.27737722 10.50169651 10.2        10.48993577]
300	11.637305377711469	False	[10.87179117 10.87930665 11.02444272 10.98080998 10.18285507]
301	11.637305377711469	False	[10.12426866 10.07389888 10.17972631 10.33331644 10.40002   ]
302	11.637305377711469	False	[10.10230305 11.09182087 10.2        11.0894333  10.1       ]
303	11.637305377711469	False	[10.23603363 10.44369394 10.2        10.1        10.38912037]
304	11.637305377711469	False	[10.1        10.84650242 10.1        10.40730436 10.1       ]
305	11.637305377711469	False	[10.9001774  10.67568921 10.3816181  10.2        10.3       ]
306	11.637305377711469	False	[10.98363091 10.2        11.24575667 10.18581058 11.30419148]
307	11.637305377711469	False	[10.64396075 10.61951982 10.65998338 10.1        10.2       ]
308	11.637305377711469	False	[10.6535028  10.1        10.70850327 10.2        10.68684303]
309	11.637305377711469	False	[10.09357416 10.34183787 10.29438364 10.10986401 10.2       ]
310	11.637305377711469	False	[10.82102048 10.47503912 10.2        10.29739367 10.1       ]
311	11.637305377711469	False	[10.28300665 10.40822892  9.89994652 10.1676753  10.26814626]
312	11.637305377711469	False	[10.73734511 10.8851168  10.72956777 10.63038725 10.78678612]
313	11.637305377711469	False	[10.17799212 10.29139329 10.1        10.34097442 10.        ]
314	11.637305377711469	False	[10.77817137 11.04513398 11.0727309  10.2        11.00394292]
315	11.637305377711469	False	[10.92886617 10.2        10.50214943 10.95093139 10.9363607 ]
316	11.637305377711469	False	[10.05313572 10.1870972  10.28073361 10.2        10.1       ]
317	11.637305377711469	False	[10.19191019 10.52890626 10.         10.65320816 10.30173417]
318	11.637305377711469	False	[11.17079569 10.88793469 10.2        10.2        10.20584171]
319	11.637305377711469	False	[10.95871687 11.28635466 11.13598903 10.10254805 11.3190799 ]
320	11.637305377711469	False	[10.72241836 10.51422674 10.1        10.76270268 10.56101894]
321	11.637305377711469	False	[10.45830262 11.13384318 10.90665212 10.81673916 10.69604396]
322	11.637305377711469	False	[10.83517925 11.00403857 10.         11.36443351 11.07824597]
323	11.637305377711469	False	[10.50373627 10.57755048 10.80656885 10.38743945 10.16653376]
324	11.637305377711469	False	[10.76804719 10.40521368 10.52049657 10.80890491 10.42375774]
325	11.637305377711469	False	[11.14435393 11.00970777 10.         10.88232295 10.        ]
326	11.637305377711469	False	[10.82578664 10.79619093 10.65452947 10.96144445 10.62990475]
327	11.637305377711469	False	[11.13423222 11.08974164 10.95760841 10.1        10.1       ]
328	11.637305377711469	False	[10.1766039  10.68705105 10.88652271 10.1        10.8273195 ]
329	11.637305377711469	False	[10.82653569 10.51817684 10.57518051 10.2        10.74491982]
330	11.637305377711469	False	[10.2        10.2        10.2        10.29848976 10.66151686]
331	11.637305377711469	False	[10.52698079 10.2        10.33928838 10.32866773 10.1       ]
332	11.637305377711469	False	[11.2641465  11.01576084 10.89666714 10.1        11.11385962]
333	11.637305377711469	False	[10.96360446 10.4991186  10.38923354 10.59180495 10.39925881]
334	11.637305377711469	False	[11.35297633 10.30963255 11.16683976 11.17346555 11.0784022 ]
335	11.637305377711469	False	[10.69080229 10.42786895 10.09020829 10.74626848 10.58580057]
336	11.637305377711469	False	[10.72946837 10.67279014 10.2        10.88562623 10.73951731]
337	11.637305377711469	False	[10.66483675 10.49936483 10.59494412 10.6561715  10.        ]
338	11.637305377711469	False	[10.1        10.17677796 10.2        10.50297462 10.49943629]
339	11.637305377711469	False	[11.24751197 10.19882482 11.18156966 11.33873514 10.1       ]
340	11.637305377711469	False	[10.1        10.87979167 10.65487561 10.87126997 10.7552316 ]
341	11.637305377711469	False	[10.1        10.26175021 10.52781139 10.36037003 10.31654151]
342	11.637305377711469	False	[10.90563724 11.01167585  9.89049007 10.2        10.38609954]
343	11.637305377711469	False	[10.01917995 10.14741775 10.24267715 10.36297305 10.21244373]
344	11.637305377711469	False	[11.14298195 10.2        10.3        10.1        10.79456878]
345	11.637305377711469	False	[10.610695   10.50692215 10.2        10.52739126 10.        ]
346	11.637305377711469	False	[10.1        11.00652825 10.2        10.20227182 11.25961597]
347	11.637305377711469	False	[ 9.98417618 10.         10.44239844 10.26335253 10.22630841]
348	11.637305377711469	False	[10.6155969  10.84643634 10.95665416 10.78568433 10.31253442]
349	11.637305377711469	False	[10.9906565  10.         11.05703059 10.92756522 10.57353244]
350	11.637305377711469	False	[10.35164251 10.18019562 10.1        10.31251855 10.        ]
351	11.637305377711469	False	[10.32315839 10.84904373 10.3        10.39078815 10.65466691]
352	11.637305377711469	False	[11.12232697 10.19010615 10.94388171 10.88609653 11.14505788]
353	11.637305377711469	False	[ 9.81959688 10.1        10.2        10.17803986 10.1773001 ]
354	11.637305377711469	False	[10.19548713 10.06942552 10.18693215 10.2        10.1829998 ]
355	11.637305377711469	False	[10.29341269 10.29497354 10.1        10.3791552  10.13603599]
356	11.637305377711469	False	[ 9.85664511 10.15240358 10.2571105  10.28731526 10.2       ]
357	11.637305377711469	False	[10.41905833 10.27185258 10.07940718 10.38277121 10.46729231]
358	11.637305377711469	False	[10.1        10.57146265 10.55952549 10.88496199 10.73016802]
359	11.637305377711469	False	[10.2        11.12612824 10.21211587 11.04426212 10.97451894]
360	11.637305377711469	False	[10.19581859 11.11172462 10.2        11.13581927 11.19749435]
361	11.637305377711469	False	[10.1        10.33998331 10.2318721  10.21731454 10.1400276 ]
362	11.637305377711469	False	[10.18524013 10.2        10.2         9.91651244  9.83664748]
363	11.637305377711469	False	[10.2361342  10.65077163 10.5638603  10.535249   10.48172414]
364	11.637305377711469	False	[10.2        11.30340617 11.37673199 10.18976951 10.94011796]
365	11.637305377711469	False	[ 9.9473092  10.29326641 10.09650432 10.33962228 10.20456987]
366	11.637305377711469	False	[10.2        10.24045108 10.21719524 10.30656053 10.26810004]
367	11.637305377711469	False	[10.75360695 10.19091086 10.75377359 10.         10.84520506]
368	11.637305377711469	False	[10.28280296 10.32419379 10.57553433 10.1        10.4721791 ]
369	11.637305377711469	False	[10.76083514 10.1        10.08300927  9.8        10.70447216]
370	11.637305377711469	False	[10.2485302  10.18592367 10.32390543 10.54483386 10.4057384 ]
371	11.637305377711469	False	[10.28761542 10.9129162  10.19453032 10.2        10.74663503]
372	11.637305377711469	False	[10.2        10.53623483 10.46040699 10.54042627 10.05083085]
373	11.637305377711469	False	[10.2        10.2         9.8558392  10.06066268 10.13374328]
374	11.637305377711469	False	[10.99350363 11.09247185 10.98651138 10.7450128  10.92792172]
375	11.637305377711469	False	[ 9.87672714 10.88528248 10.26396082 10.3146585  10.2       ]
376	11.637305377711469	False	[10.62478305 10.1        10.43320477 10.34703712 10.66525365]
377	11.637305377711469	False	[10.52857746 10.50928557 10.2        10.2        10.54401657]
378	11.637305377711469	False	[10.87968504 10.2        10.2        10.1        10.2       ]
379	11.637305377711469	False	[10.41262726 10.73844581 10.37846739 10.18618545 10.2       ]
380	11.637305377711469	False	[10.1        10.41583056 10.1        10.25249917 10.15606306]
381	11.637305377711469	False	[11.01706999 11.00007378 10.94000635 11.07479695 10.        ]
382	11.637305377711469	False	[10.64994994 10.2        11.1117055  10.2        11.06229757]
383	11.637305377711469	False	[10.39844434 10.19845847 11.31809524 10.95169448 10.83166321]
384	11.637305377711469	False	[10.28032811 10.12965872 10.09237981 10.34465705 10.34658062]
385	11.637305377711469	False	[10.2        11.2331381  10.40134863 10.2004506  11.26191309]
386	11.637305377711469	False	[10.1        10.1        10.06058503 10.1        10.39732148]
387	11.637305377711469	False	[10.         10.80233378 11.09106867 10.85647879  9.8       ]
388	11.637305377711469	False	[10.12809863 10.32202712 10.24669748 10.30796258  9.95233553]
389	11.637305377711469	False	[10.1        11.39520148 11.32734717 11.28924007  9.8       ]
390	11.637305377711469	False	[10.1663958  10.49799135 10.24988359 10.58754136 10.47419827]
391	11.637305377711469	False	[11.03097328 11.26763344 11.12346919 10.94992062 11.23686401]
392	11.637305377711469	False	[10.95871579 10.84530311 10.1        10.95976967 10.2       ]
393	11.637305377711469	False	[10.39427506 10.1948868  10.27537676 10.36765895 10.54663112]
394	11.637305377711469	False	[10.20202107 10.1068871  10.88981135 10.67260118 10.82064122]
395	11.637305377711469	False	[10.9449179  10.19583074 11.26111826 11.17948527 10.99198246]
396	11.637305377711469	False	[10.1        10.1798379  10.1        10.18015715 10.08005435]
397	11.637305377711469	False	[10.2        11.45364059 10.2        11.21507476 10.78356485]
398	11.637305377711469	False	[10.2        10.92134441 11.27345759 10.1        10.1       ]
399	11.637305377711469	False	[10.72782294 10.98034155 11.05547062 10.1        10.81671348]
400	11.637305377711469	False	[10.1        10.48807322 10.23796808 10.32325208 10.45818398]
401	11.637305377711469	False	[10.30619025 10.20259612 10.22775789 10.2        10.60810103]
402	11.637305377711469	False	[10.8077506  10.79816686 11.00252859 10.73460573 10.71403875]
403	11.637305377711469	False	[10.1        10.2        10.24008074 10.19085155 10.20093716]
404	11.637305377711469	False	[10.33734113 10.15049858 10.2392253  10.09559801 10.48039831]
405	11.637305377711469	False	[11.03830976 10.2        10.         10.1        10.76550863]
406	11.637305377711469	False	[10.88040973 10.89011174 10.60992172 10.99306197 10.8307832 ]
407	11.637305377711469	False	[10.2        10.98152227 11.18140588 10.77555665 10.99675417]
408	11.637305377711469	False	[10.56650176 10.85650876 10.72055413 10.80059202 10.3       ]
409	11.637305377711469	False	[10.80516826 10.18679297 11.07447148 10.3        10.        ]
410	11.637305377711469	False	[10.38457986 10.73156391 10.         10.2        10.61625264]
411	11.637305377711469	False	[10.2        10.99494957 11.00684247 10.2        11.19330943]
412	11.637305377711469	False	[10.83037462 11.0092767  10.2        10.82632531 10.        ]
413	11.637305377711469	False	[10.         10.2        10.6009146  10.82463697 10.84767005]
414	11.637305377711469	False	[10.40804404 10.37543517 10.18903971 10.21690824 10.24510283]
415	11.637305377711469	False	[10.94295735 11.06775702 11.05757512 10.21143155 10.39988391]
416	11.637305377711469	False	[11.0679764   9.9        10.9180705  11.25581465 10.84710104]
417	11.637305377711469	False	[10.1        10.         11.25695845 10.85826576 11.26149802]
418	11.637305377711469	False	[10.33468278 10.21428565 10.1767919  10.1         9.7219618 ]
419	11.637305377711469	False	[10.86195707 10.81115487 10.8427721  10.2        10.19146584]
420	11.637305377711469	False	[11.02273359 10.95275303 10.79225939 10.30194386 10.2       ]
421	11.637305377711469	False	[10.18058024 10.67241054 10.2        10.89184096 10.96740185]
422	11.637305377711469	False	[10.3        10.78527778 10.2        10.70342915 10.91690043]
423	11.637305377711469	False	[10.50292194 10.35036456 10.48451456 10.2        10.51653414]
424	11.637305377711469	False	[11.11333608 10.97125808 11.08969785 11.31756237  9.90415771]
425	11.637305377711469	False	[10.2        10.1        10.24568443 10.18933293 10.00314915]
426	11.637305377711469	False	[10.34539738 10.08112283 10.43268649 10.         10.12180859]
427	11.637305377711469	False	[10.         10.81574774 10.77679211 10.58642548 10.81390718]
428	11.637305377711469	False	[10.97208735 10.3        10.2        10.98221996 11.07064187]
429	11.637305377711469	False	[10.         10.41581534 10.11911999 10.39726623 10.35333848]
430	11.637305377711469	False	[10.2        10.59876307 10.69040775 10.1        10.49576674]
431	11.637305377711469	False	[10.61045865 10.54389438 10.36301571 10.2        10.1       ]
432	11.637305377711469	False	[10.63465394 10.1        10.0777457  10.1        10.55930469]
433	11.637305377711469	False	[10.92945776 10.32954306 10.68833491 10.1        10.28276041]
434	11.637305377711469	False	[10.48538007 10.62160927 10.92145109 11.04120955 10.79884775]
435	11.637305377711469	False	[10.9177618  10.1        10.89839003 10.1        10.81619967]
436	11.637305377711469	False	[10.19793568 10.64321531 10.1926396  10.82800794 11.31103148]
437	11.637305377711469	False	[10.21764234 10.1        10.06573937 10.25613867 10.2       ]
438	11.637305377711469	False	[10.1        10.2905511  10.40878181 10.48785737 10.3848134 ]
439	11.637305377711469	False	[10.81114751 10.1        10.7825364  10.90708301 11.02456846]
440	11.637305377711469	False	[10.16170694 10.34210071 10.5702775  10.40529042 10.1       ]
441	11.637305377711469	False	[10.64422984 10.13001474 10.67823167 10.56747867 10.54936731]
442	11.637305377711469	False	[10.29381615 11.11650996 11.25353323 10.1        11.18168813]
443	11.637305377711469	False	[11.05973169 10.89430018 10.81030793 11.1302979  11.07796936]
444	11.637305377711469	False	[10.32443233 10.3        10.53887024 10.29192017 10.25119808]
445	11.637305377711469	False	[10.75740677 10.80452978 11.04221397 11.04701293 10.        ]
446	11.637305377711469	False	[10.10488934 10.03892722  9.83717955 10.181337   10.07622443]
447	11.637305377711469	False	[10.43986246 10.53232799 10.2        10.18394788 10.1       ]
448	11.637305377711469	False	[10.55339424 10.2687855  10.63820489 10.46043296 10.27278748]
449	11.637305377711469	False	[10.04319061 10.13605097 10.11077971 10.03415906 10.37984136]
450	11.637305377711469	False	[10.23778157 10.15913409 10.17332894 10.2        10.13983502]
451	11.637305377711469	False	[10.2        10.71212636 10.33789383 10.2        10.        ]
452	11.637305377711469	False	[10.49183452 10.39111529 10.16404217 10.21375085 10.1       ]
453	11.637305377711469	False	[10.09544224 10.2883823  10.25772044 10.66382594 10.28410084]
454	11.637305377711469	False	[10.47277139 10.1        10.74998521 10.74715583 10.1       ]
455	11.637305377711469	False	[10.67807422 10.1        10.29348547 10.39151237 10.89180488]
456	11.637305377711469	False	[10.35530831 10.1        10.1        10.2        10.62803171]
457	11.637305377711469	False	[10.90099351 11.18382614 10.89584045 10.87376904 10.1       ]
458	11.637305377711469	False	[11.27987977 11.2853877  11.32390808 10.29405241 10.1760661 ]
459	11.637305377711469	False	[10.18551282 10.1        10.31626099 10.11981914  9.97095771]
460	11.637305377711469	False	[11.02087213 10.2        10.4154173  10.30888587 11.13127033]
461	11.637305377711469	False	[11.31722861 10.29542432 10.40319685 10.2        11.25895249]
462	11.637305377711469	False	[10.65908481 10.1        10.73246384 10.44472016 10.54447288]
463	11.637305377711469	False	[10.83490904 10.1        10.95663925 11.03564538 11.05761906]
464	11.637305377711469	False	[ 9.98430455 10.17050786 10.1        10.46278387 10.2       ]
465	11.637305377711469	False	[10.2845289   9.97384869 10.07438875 10.1        10.22553683]
466	11.637305377711469	False	[10.2        10.1        10.06847557 10.1        10.08412286]
467	11.637305377711469	False	[11.42698073 10.97188105 10.88781424 11.46445163 10.        ]
468	11.637305377711469	False	[10.2        10.07462337 10.2        10.32666648 10.11097187]
469	11.637305377711469	False	[10.1        10.8693358  10.70642052 10.79050705 10.30056358]
470	11.637305377711469	False	[10.1        10.29996762 10.58309372 10.49958617 10.2       ]
471	11.637305377711469	False	[10.2        11.0782945  10.19375806 10.81721832 10.80625282]
472	11.637305377711469	False	[10.1        10.27376071 10.1        10.59625709 10.74646092]
473	11.637305377711469	False	[ 9.85129625 10.30333863 10.46154917 10.2        10.2       ]
474	11.637305377711469	False	[10.31898088 10.2931808  10.1        11.01559114 10.50691519]
475	11.637305377711469	False	[10.70071492 10.54742764  9.8        10.54034636 10.60499803]
476	11.637305377711469	False	[10.71892185 10.59176288 10.60105657 10.1        10.        ]
477	11.637305377711469	False	[10.1        10.50988399 10.48979139 10.1        10.53116517]
478	11.637305377711469	False	[10.1        10.87900178 10.30630395 10.76362434 10.67603752]
479	11.637305377711469	False	[10.65899422 10.74853398 10.41025322 10.30944622 10.1       ]
480	11.637305377711469	False	[10.19319837 10.1        10.38948245 10.24286779 10.41532614]
481	11.637305377711469	False	[10.30238425 10.1        10.59495645 10.2        10.4998009 ]
482	11.637305377711469	False	[10.1        10.2475982  10.48006936 10.2        10.43942589]
483	11.637305377711469	False	[10.57065842 10.1        10.61701124 10.89930682 10.49176821]
484	11.637305377711469	False	[10.7135651  10.9730512  10.94135017 10.4852834  10.2       ]
485	11.637305377711469	False	[10.5091614  10.32923594 10.71031243 10.2        10.54753196]
486	11.637305377711469	False	[10.99206275 10.76410031 10.7464937  10.85594716 10.2       ]
487	11.637305377711469	False	[10.12201727 10.08997109 10.15786784 10.06144266 10.13410035]
488	11.637305377711469	False	[10.1        10.20258425 10.99738314 10.2        10.81098549]
489	11.637305377711469	False	[10.60465038 10.7896221  11.02582218 10.98324749 10.66449215]
490	11.637305377711469	False	[11.13012418 10.91468484 11.11567178 10.78898542 11.00300523]
491	11.637305377711469	False	[10.1        10.1        10.1        10.80710568 10.87655904]
492	11.637305377711469	False	[10.2        10.18031498 10.1        10.31153864 10.01966788]
493	11.637305377711469	False	[10.70186846 10.57044191 10.79756125 10.19079985 10.3395845 ]
494	11.637305377711469	False	[10.23548172 10.1        10.1        10.25594087 10.        ]
495	11.637305377711469	False	[10.79699762 10.80617634 10.1        10.16196407 10.86075483]
496	11.637305377711469	False	[10.19863591  9.9         9.92384467 10.09628175 10.41887961]
497	11.637305377711469	False	[11.02816723 10.1        10.2        11.03496916 10.93256512]
498	11.637305377711469	False	[10.34939418 10.1        10.55366935 10.29006995 10.60623563]
499	11.637305377711469	False	[10.2        10.92191136 10.20635778 10.         10.68581861]
500	11.637305377711469	False	[10.27786395 10.29988981 10.74392536 10.51855936 10.3       ]
501	11.637305377711469	False	[10.48639317 10.2        10.         10.1        10.5955336 ]
502	11.637305377711469	False	[10.20408257 10.69023265 10.26749443 10.57456277 10.2       ]
503	11.637305377711469	False	[10.13148467 10.2        10.29709197 10.32643747 10.51579865]
504	11.637305377711469	False	[10.2        10.86468991 10.61203526 10.90367907 10.85582313]
505	11.637305377711469	False	[11.04272946  9.7        11.11273533 10.1        11.14150805]
506	11.637305377711469	False	[11.04201614 10.95562174 11.1074662  11.3021672  10.2       ]
507	11.637305377711469	False	[10.71049592 10.49491929 10.1        10.66639962 10.281111  ]
508	11.637305377711469	False	[10.81409444 10.28275166 11.01215895 10.9682579  11.01163811]
509	11.637305377711469	False	[10.00622272  9.97819751 10.         10.09567556 10.07105631]
510	11.637305377711469	False	[10.79451053 10.09510954 10.92509829 10.9538164  10.98118991]
511	11.637305377711469	False	[11.1340378  10.20232209 10.82808165 10.         10.1       ]
512	11.637305377711469	False	[10.68227295 10.2        11.02814267 10.88006067 10.1       ]
513	11.637305377711469	False	[10.55393506  9.9        10.5759015  10.42465944 10.2       ]
514	11.637305377711469	False	[10.1        10.         10.31142196 10.30030617 10.75768474]
515	11.637305377711469	False	[10.13659905 10.09378609 10.009463   10.29341438 10.24841566]
516	11.637305377711469	False	[10.         10.19819666 10.30876083 11.11509507 11.05307652]
517	11.637305377711469	False	[10.97688272 11.11255558 10.56530656 11.11126297 10.88033286]
518	11.637305377711469	False	[10.58505931 10.46523558 10.43108461 10.51789007 10.28732091]
519	11.637305377711469	False	[10.1        11.06031702 10.76706588 10.30153697 10.29357322]
520	11.637305377711469	False	[10.82977402 10.2        10.22316673 10.7792792  10.95004297]
521	11.637305377711469	False	[10.30159764 10.57175575 10.32300163 10.35051273 10.5589224 ]
522	11.637305377711469	False	[11.02481487 10.18325214 11.07408508 11.0503116  10.99392173]
523	11.637305377711469	False	[10.94275536 10.95968646 10.98111777 10.1        11.21327759]
524	11.637305377711469	False	[11.00193094 10.2        11.06577308 10.68001718 11.10206501]
525	11.637305377711469	False	[10.03366368 10.2        10.1        10.1        10.19271959]
526	11.637305377711469	False	[10.70455478 10.65922538  9.9        10.70017327 10.67713222]
527	11.637305377711469	False	[10.19963556 10.3        10.18007287 10.18515772 10.38114848]
528	11.637305377711469	False	[10.43279619 10.43694626 10.29286083 10.2        10.29054915]
529	11.637305377711469	False	[10.72270154 10.6998551  10.2        10.67143577 10.2       ]
530	11.637305377711469	False	[10.31359054 10.61441579 10.1        10.88577609 10.67972268]
531	11.637305377711469	False	[10.19148363 10.51574587 10.6653852  10.34897879 10.61255389]
532	11.637305377711469	False	[10.34102281 10.1        10.18515739  9.9443165  10.51154941]
533	11.637305377711469	False	[10.2        10.1        10.80174901 10.34875249 10.57648103]
534	11.637305377711469	False	[10.72576232 10.93670113 10.86278917 10.2        10.0809102 ]
535	11.637305377711469	False	[10.99754324 10.3        10.89202029 10.2        11.05400006]
536	11.637305377711469	False	[10.65138067 10.85798645 10.68228842 10.95377454 10.2       ]
537	11.637305377711469	False	[10.28261239 10.21618824 10.1        10.03531336 10.04783963]
538	11.637305377711469	False	[10.2        10.48332214 10.27350266 10.         10.36996126]
539	11.637305377711469	False	[10.27844712 10.91202964 10.1        10.2        10.81989683]
540	11.637305377711469	False	[10.76254511 10.2        10.31007788 10.94245698 10.77630144]
541	11.637305377711469	False	[11.04187072 10.69638624 10.2        10.1        10.        ]
542	11.637305377711469	False	[10.1        10.72363465 10.77648292 10.49627627 10.25556045]
543	11.637305377711469	False	[10.39750106 11.26203119 10.91490731 10.3907954  10.95969396]
544	11.637305377711469	False	[10.98171424 10.93493369 10.1        10.20759655 10.73835853]
545	11.637305377711469	False	[11.20877842 11.25121563 11.25399652 11.09124949 10.2       ]
546	11.637305377711469	False	[10.17037509 10.66686733 11.16855502 10.1        11.03839442]
547	11.637305377711469	False	[10.1        10.20361503 10.1        10.37199137 10.27031372]
548	11.637305377711469	False	[ 9.9         9.9        10.33450839  9.86953395 10.19456588]
549	11.637305377711469	False	[10.37313386 10.2        10.37811219 10.39985493 10.23781394]
550	11.637305377711469	False	[11.29372822 10.89067668 10.91040817 10.88398407 11.19935622]
551	11.637305377711469	False	[10.1        10.66205147 10.1        10.1        10.61529857]
552	11.637305377711469	False	[ 9.9        10.60508129 10.3008459  10.30153453 10.27107263]
553	11.637305377711469	False	[10.26722146 10.1        10.19328231 10.2        10.14812429]
554	11.637305377711469	False	[10.18799043 10.3        10.89121917 10.1        10.72629123]
555	11.637305377711469	False	[10.93808071 10.18767802  9.8        10.79577652 10.63571998]
556	11.637305377711469	False	[10.11839817 10.2        10.35337029 10.1        10.1       ]
557	11.637305377711469	False	[11.0122788  10.1        10.7623111  10.95231168 10.84175098]
558	11.637305377711469	False	[10.7722221  10.69916889 10.10707375 10.54311117 10.1       ]
559	11.637305377711469	False	[10.2        10.16416054 10.16015383 10.09003209 10.1       ]
560	11.637305377711469	False	[11.16646143 10.93097951 10.30715904 10.30836569 11.25328011]
561	11.637305377711469	False	[11.29721535 11.21261404 11.208553   10.91706738 11.05756303]
562	11.637305377711469	False	[10.23905521 10.         10.78807292 10.52823954 10.2       ]
563	11.637305377711469	False	[10.40586986 10.48342028 10.1        10.15444589 10.23588058]
564	11.637305377711469	False	[10.14449501 10.22771866 10.32752732 10.19975942 10.47699459]
565	11.637305377711469	False	[10.1        10.06645913 10.2        10.2813309  10.11673026]
566	11.637305377711469	False	[10.1        10.28921686 10.         10.36320957 10.1       ]
567	11.637305377711469	False	[10.90599654 10.79458685 10.76411097 10.76390721 10.68188471]
568	11.637305377711469	False	[10.31201285 10.87722429 10.19423818 10.         10.31141217]
569	11.637305377711469	False	[10.1        10.73002904 10.19105711 10.65285879 10.1       ]
570	11.637305377711469	False	[10.44858402 10.49176335  9.91842366 10.16451888 10.56610806]
571	11.637305377711469	False	[10.27285892 10.06954053 10.1        10.2        10.1       ]
572	11.637305377711469	False	[10.1        11.01029111 10.96913286 11.05084932 10.1       ]
573	11.637305377711469	False	[10.65176194 10.         10.18721246 10.09629479 10.99982062]
574	11.637305377711469	False	[10.1        10.67304179 10.67672343 10.1        10.51877072]
575	11.637305377711469	False	[10.98807469 10.1        10.79858198 10.2        10.50034218]
576	11.637305377711469	False	[10.2 10.2 10.2 10.2 10.1]
577	11.637305377711469	False	[10.89515919 10.2        11.16614578 10.1        11.15349948]
578	11.637305377711469	False	[10.1        10.15105313 10.17352982  9.94514982 10.02602584]
579	11.637305377711469	False	[10.1        10.19801953 11.19199783 11.18447985 11.08325106]
580	11.637305377711469	False	[10.29350181 10.46054175 10.2        10.1        10.89665742]
581	11.637305377711469	False	[10.60039636 10.41740409 10.2        10.31084318 10.55410574]
582	11.637305377711469	False	[10.17106262 10.71391456 10.6296363  10.3319638  10.2       ]
583	11.637305377711469	False	[10.3        10.54097621 10.72326328 10.18678865 10.66579771]
584	11.637305377711469	False	[10.1        10.7635499  10.86629393 10.1        10.07670389]
585	11.637305377711469	False	[10.         10.52976519 10.37921911 10.1        10.1       ]
586	11.637305377711469	False	[10.86390885 11.04915138 10.89243112 10.9360607  10.99854549]
587	11.637305377711469	False	[10.90780724 10.55111517 10.83311597 10.13993103 10.58387231]
588	11.637305377711469	False	[10.78480278 10.2        10.60112662 10.54207129 10.62144442]
589	11.637305377711469	False	[10.55703374 10.35525548 10.56723755 10.22484691 10.49855445]
590	11.637305377711469	False	[10.97852071 10.77779656 10.2        11.11987792 11.01422019]
591	11.637305377711469	False	[11.07075995 10.27641108 11.28411578 11.09799356 10.3       ]
592	11.637305377711469	False	[10.29913884 11.15273585 11.36301062 11.0934732  10.2       ]
593	11.637305377711469	False	[10.1        10.20590481 10.1        10.39864039 10.34710011]
594	11.637305377711469	False	[10.8624999  11.26516314 11.22512852 10.60153511 10.68105389]
595	11.637305377711469	False	[10.14447324 10.26034407  9.90266361 10.1         9.91974947]
596	11.637305377711469	False	[10.1        10.86981637 11.00435072 10.2        10.2       ]
597	11.637305377711469	False	[10.19072379 10.54504215 10.08133232 10.1         9.95737672]
598	11.637305377711469	False	[10.2        10.24254996 10.1578195   9.94205335 10.30416429]
599	11.637305377711469	False	[10.51964984 10.2        10.29328786 10.55240767 10.52404483]
600	11.637305377711469	False	[10.28497319  9.89645689 10.         10.         10.37888556]
601	11.637305377711469	False	[10.21477395 10.18069357 11.09971698 10.1        10.88058841]
602	11.637305377711469	False	[10.1        11.37000715 11.05076164 10.96121401 11.22190734]
603	11.637305377711469	False	[10.2998724  10.11289589 11.08270729 10.1        10.10755167]
604	11.637305377711469	False	[10.26691995 10.15744548 10.1        10.37516751 10.61122007]
605	11.637305377711469	False	[10.51617915 10.1        10.         10.63381763 10.43808876]
606	11.637305377711469	False	[10.4387409  10.62318114 10.28685808 10.41650157 10.2337556 ]
607	11.637305377711469	False	[11.13575592 11.00020712 10.18071833 10.31343948 10.78539009]
608	11.637305377711469	False	[10.2        10.18370978 10.83337619 10.90475323 10.93465087]
609	11.637305377711469	False	[11.05925973 10.97162987 11.0923385  11.05846815 10.1       ]
610	11.637305377711469	False	[11.13736097 10.2        11.1857172  10.31311194 11.08554528]
611	11.637305377711469	False	[10.49616524 10.5639076  10.66908194 10.52731932 10.60263853]
612	11.637305377711469	False	[10.2        10.1        10.1        10.36190089 10.1665291 ]
613	11.637305377711469	False	[10.86047208 11.19272844 10.20480858 10.1        10.1       ]
614	11.637305377711469	False	[10.91851583 10.65219693 10.86935214 10.77462282 10.2       ]
615	11.637305377711469	False	[11.31586021 11.50998603 10.         11.29768314 11.42502513]
616	11.637305377711469	False	[11.00841017 10.2        10.1        10.97844335 10.1       ]
617	11.637305377711469	False	[10.1        10.01329244 10.03873554 10.2        10.28406814]
618	11.637305377711469	False	[10.         10.38571879 10.1        10.29654317 10.1       ]
619	11.637305377711469	False	[10.70887621 10.6209112  10.1        10.91271788 11.18516926]
620	11.637305377711469	False	[10.1        11.01662647 11.16072144 10.1        10.28440235]
621	11.637305377711469	False	[10.51095114 10.49901302 10.5810856  10.1        10.57477442]
622	11.637305377711469	False	[11.12159245 11.28372436 11.36686687 11.1552797  10.2       ]
623	11.637305377711469	False	[11.12963837  9.9        11.20719081 10.2        10.1       ]
624	11.637305377711469	False	[10.2        10.30308108 10.2        10.20116476 11.02876593]
625	11.637305377711469	False	[10.74785438 10.76260307 10.58813412 10.64539336 10.30345599]
626	11.637305377711469	False	[10.2        10.76969121 10.1        10.81602542 10.2       ]
627	11.637305377711469	False	[10.29232394 10.13458117 10.24654183 10.25212542 10.11127513]
628	11.637305377711469	False	[10.1        10.92112687 10.2        11.12887463 11.09978506]
629	11.637305377711469	False	[10.63837842 10.2        11.15912852 10.2        11.10488619]
630	11.637305377711469	False	[10.31280499  9.96453662 10.20420058 10.1876847  10.3       ]
631	11.637305377711469	False	[10.57901395 10.10159036 10.63934444 10.4764586  10.32512457]
632	11.637305377711469	False	[10.26592965 10.41167882 10.24521378 10.11763917 10.09796045]
633	11.637305377711469	False	[10.83845012 10.81692484 10.1        10.18291752 10.29452062]
634	11.637305377711469	False	[10.1        10.74557675 10.96578757 10.1        11.17066719]
635	11.637305377711469	False	[10.1        11.01647025 11.03929871 10.2        10.2       ]
636	11.637305377711469	False	[10.68660101 10.3        10.1        10.74839235 10.1       ]
637	11.637305377711469	False	[10.27956417 10.36910657 10.1        10.22426173 10.27390837]
638	11.637305377711469	False	[10.65388884 10.         10.81506526 10.1        10.87125257]
639	11.637305377711469	False	[10.72246748 10.1        10.46070256 10.1        10.38535891]
640	11.637305377711469	False	[10.13520998 10.14178549 10.07186414 10.2        10.29080654]
641	11.637305377711469	False	[10.48542819 10.17900246 10.1        10.50462998 10.48930174]
642	11.637305377711469	False	[10.2        10.475701   10.8527963  10.7828543  10.66188698]
643	11.637305377711469	False	[10.18599566 10.06267583 10.2        10.62912479 10.45470201]
644	11.637305377711469	False	[11.14586851 10.1        11.16160472 11.04337162 11.27389494]
