1	10.838692187358314	True	[10.78504989 10.17933945 10.2        10.83869219 10.50363331]
2	10.981241903784637	True	[10.91247006 10.85952531 10.1        10.9812419  10.1       ]
3	11.217721277614991	True	[10.1        10.58447061 10.20686807 10.83245224 11.21772128]
4	11.217721277614991	False	[10.20694236 10.54659978 10.29452465 10.41941312 10.2003198 ]
5	11.374445893397386	True	[11.22565829 11.37444589 10.2        11.01602755 11.10016231]
6	11.374445893397386	False	[10.12616485 10.3        10.21196914 10.20549217 10.26231509]
7	11.374445893397386	False	[10.929595   10.58483415 10.6833788  10.75463971 10.67485702]
8	11.374445893397386	False	[10.50333947 10.57555393 10.6003036  10.1        10.14318053]
9	11.374445893397386	False	[10.2        10.41516262 10.25914254 10.2        10.27500256]
10	11.374445893397386	False	[10.1        10.64134264 10.60955676 10.1        10.87180408]
11	11.374445893397386	False	[10.1        11.0786976  11.11087653 10.95137764 11.21798876]
12	11.374445893397386	False	[10.1        10.         11.16663677 10.2        11.13182716]
13	11.374445893397386	False	[10.36859297 10.4028697  10.04226842 10.20418396 10.28595955]
14	11.374445893397386	False	[10.26486085 10.25965808 10.27424346 10.1        10.1       ]
15	11.374445893397386	False	[10.884987   10.83978444 10.97538664 10.2        10.        ]
16	11.374445893397386	False	[10.25293591 10.13015553 10.22522583 10.37877605 10.2756671 ]
17	11.374445893397386	False	[10.90574025 10.2        11.08147241 10.96329575 10.83569648]
18	11.374445893397386	False	[10.         10.53529608 10.2        10.17114814 10.23199597]
19	11.374445893397386	False	[10.62243823 10.76146957 11.28418293 10.1        10.99564594]
20	11.374445893397386	False	[10.49019734 10.28905462 10.44807679 10.2        10.6517848 ]
21	11.374445893397386	False	[10.1        10.29295934 10.05807925 10.2        10.27900741]
22	11.374445893397386	False	[10.53275159 10.1        10.84010568 10.75284298 10.56605653]
23	11.374445893397386	False	[10.45793585 10.38955515 10.37321432 10.1        10.19395634]
24	11.374445893397386	False	[10.37756815 10.1        10.1        10.75697251 10.78402692]
25	11.374445893397386	False	[10.9372662  10.90684121 10.81867916 10.2        10.19863681]
26	11.374445893397386	False	[10.1        10.02346871 10.13128599 10.05582379 10.08768592]
27	11.374445893397386	False	[10.14048178 10.2        10.1        10.17562744 10.74196215]
28	11.374445893397386	False	[10.95754594 10.1        10.64571544 10.78375442 10.94642388]
29	11.374445893397386	False	[10.59699865 10.72666391 10.19129376 11.03332079 10.64150622]
30	11.374445893397386	False	[10.01925464 10.32828491 10.33674468 10.03020736 10.04932959]
31	11.374445893397386	False	[10.46134071 10.64253538 10.1        10.33295313 10.46324916]
32	11.374445893397386	False	[10.23777435 10.283259   10.42585803 10.1        10.07261306]
33	11.374445893397386	False	[10.1        10.19368832 10.44282734 10.66356803 10.62427349]
34	11.374445893397386	False	[10.2        10.66911396 10.97762215 10.71586112 11.14934728]
35	11.374445893397386	False	[11.02285753 10.2        10.95159155 11.12025925 10.81581493]
36	11.374445893397386	False	[10.41834142 10.30670568 10.22706767 10.1        10.30816658]
37	11.374445893397386	False	[10.2        11.09414619 10.98425574 10.1        11.06588439]
38	11.374445893397386	False	[10.58715171 10.73916482 10.68914514 10.83746493 10.7150586 ]
39	11.374445893397386	False	[10.34494612  9.9        10.27887026 10.1        10.25559171]
40	11.374445893397386	False	[10.1        10.50903529 10.         10.66898884 10.2       ]
41	11.374445893397386	False	[10.47841457 10.59652562 10.49225132 10.54430127 10.49403587]
42	11.374445893397386	False	[10.30391924 10.47277712 10.16084209 10.58677817 10.46153189]
43	11.374445893397386	False	[10.78799506 11.09360497 10.86915724 10.         10.98042588]
44	11.374445893397386	False	[10.2143566  10.32276076 10.1        10.21053333 10.2       ]
45	11.374445893397386	False	[10.93937699 10.89436304 10.30037435 10.96163127  9.9       ]
46	11.374445893397386	False	[10.29820343 10.1        10.20271424 10.2        10.29129959]
47	11.374445893397386	False	[10.61142019 10.1        10.50546048 10.57418772 10.2       ]
48	11.374445893397386	False	[10.1        10.99685557 10.98317721 11.34296549 10.31223246]
49	11.374445893397386	False	[10.18483744 10.1        10.25100722 10.1        10.56698789]
50	11.374445893397386	False	[10.2        10.31168456 11.14224316 10.88614156 10.2       ]
51	11.374445893397386	False	[10.1        10.1        11.20910626 11.05794131 10.        ]
52	11.513562733262997	True	[11.33117958 11.31726488 11.14223658 11.31364816 11.51356273]
53	11.513562733262997	False	[10.61723376 10.65991677 10.2        10.44107325 10.56321621]
54	11.513562733262997	False	[10.94395062 10.1        10.18814093 10.84976091 11.23346319]
55	11.513562733262997	False	[11.03629878 10.71226313 10.1        10.80889944 11.06246229]
56	11.513562733262997	False	[10.14640297  9.91248424  9.97714355 10.42291156 10.19358972]
57	11.513562733262997	False	[11.01912204 10.1        10.60833615 11.05662349 10.89199507]
58	11.513562733262997	False	[10.63398175 10.58172609 10.53484252 10.31767459 10.50541537]
59	11.513562733262997	False	[10.47819333 10.2        10.56803671 10.55216801 10.26289765]
60	11.513562733262997	False	[11.25201395 11.21224932 11.16750466 10.1        10.93713397]
61	11.513562733262997	False	[10.53393574 10.48389979 10.51114367 10.29918282 10.54012264]
62	11.513562733262997	False	[ 9.95784952 10.38955696 10.1797018  10.07657777 10.02324887]
63	11.513562733262997	False	[10.74018087 10.19845737 10.75276465 10.6348657  10.5474137 ]
64	11.513562733262997	False	[10.2        10.3512687   9.75746738 10.1        10.1       ]
65	11.513562733262997	False	[11.37418841 11.34432905 11.23069622 11.35368091 10.956452  ]
66	11.513562733262997	False	[11.17730016 10.1        11.20648227 10.2        10.85610728]
67	11.513562733262997	False	[10.37245765 10.0307723  10.2        10.1        10.27005318]
68	11.513562733262997	False	[10.62335519 10.71136133 10.78367819 10.23471586 10.71798394]
69	11.513562733262997	False	[10.82164774 10.86976772 10.2        10.61599292 10.2       ]
70	11.513562733262997	False	[10.4263051  10.63420371 10.63382672 10.         10.2       ]
71	11.513562733262997	False	[10.39400235 10.2038885  10.2        10.06583271 10.26340421]
72	11.513562733262997	False	[10.39941129 10.21667802 10.1        10.30135916 10.41136243]
73	11.513562733262997	False	[10.2        10.44695496 10.64993362 10.33883441 10.2       ]
74	11.513562733262997	False	[10.28972976 10.23816637 10.54776223 10.1        10.33053657]
75	11.513562733262997	False	[10.2        10.65868246 10.63342489 10.         10.2       ]
76	11.513562733262997	False	[10.20149051 10.84586453 10.74092916 11.29364719 10.1       ]
77	11.513562733262997	False	[10.41555149  9.96050401 10.13163189 10.41351631 10.2366644 ]
78	11.513562733262997	False	[ 9.85424621 10.3835033  10.35366514 10.17860579 10.19796731]
79	11.513562733262997	False	[10.43588637 10.47097924 10.4296818  10.40647772 10.84553648]
80	11.513562733262997	False	[11.15687276 10.31530129 10.0970331  10.2        10.93578268]
81	11.513562733262997	False	[10.41088083 10.59437568 10.41489962 10.18249627 10.33246964]
82	11.513562733262997	False	[10.         10.48712002 10.1        10.25118094  9.89662536]
83	11.513562733262997	False	[10.1        10.17333471 10.18948974 10.27619356 10.1       ]
84	11.513562733262997	False	[11.16699744 10.66778753 10.9138548  10.3006835  10.        ]
85	11.513562733262997	False	[ 9.9        10.88559078 10.86945129 10.86871762 11.14074746]
86	11.513562733262997	False	[10.65238989 10.2        10.20107424 11.03643899 11.13216027]
87	11.513562733262997	False	[ 9.9        10.2        10.50436497 10.         10.70124442]
88	11.513562733262997	False	[10.1        10.22182704 10.52355159 10.11233376 10.1       ]
89	11.513562733262997	False	[10.1        11.16322004 11.15316557 10.28093107 10.94441818]
90	11.513562733262997	False	[10.1        10.69776058 10.57641096 10.60591561 10.2       ]
91	11.513562733262997	False	[ 9.88730835 11.078259    9.9        10.80465582 10.2       ]
92	11.513562733262997	False	[10.87966225 10.75092715 10.48597826 10.89216627 10.2       ]
93	11.513562733262997	False	[10.98912017 11.05814073 10.88876553 10.89699486 11.0225245 ]
94	11.513562733262997	False	[10.2        10.1         9.96000438 10.01179339 10.03768367]
95	11.513562733262997	False	[10.48318612  9.8        10.19040071 10.1        10.61603312]
96	11.513562733262997	False	[10.2        10.24999156 10.2        10.56786556 10.        ]
97	11.513562733262997	False	[11.11249932 11.14521277 10.18366941 10.94557719 10.50041145]
98	11.513562733262997	False	[11.24822297 10.8155394  10.97807322 10.72022313 10.65887477]
99	11.513562733262997	False	[10.17082894 10.13023205  9.98688981 10.2        10.29991905]
100	11.513562733262997	False	[10.73559407 10.88146371 10.58468663 10.28296323 10.1       ]
101	11.513562733262997	False	[10.2        10.1        10.43269127 10.80604223 10.31499308]
102	11.513562733262997	False	[10.58157451 10.22596117 10.99755772 11.02418305 10.08631708]
103	11.513562733262997	False	[11.0617484  11.04476819 10.99746339 11.07491403 11.0821952 ]
104	11.513562733262997	False	[ 9.99657951 10.3482443  10.37770301 10.25172409 10.29233057]
105	11.513562733262997	False	[10.1481285   9.8        10.2        10.17765752 10.22522106]
106	11.513562733262997	False	[10.94273406 11.02699329 11.15949844 10.887064    9.8       ]
107	11.513562733262997	False	[10.48248413 10.37398842 10.07850599 10.2        10.29307548]
108	11.513562733262997	False	[10.95721203 10.2        10.62475896 10.16879032 10.2       ]
109	11.513562733262997	False	[10.1        10.         10.14121477  9.99018249 10.2839048 ]
110	11.513562733262997	False	[10.1        10.1        10.79653432 11.04914579 10.2       ]
111	11.513562733262997	False	[11.08869087 10.76252702 11.11290164 10.3        11.12246145]
112	11.513562733262997	False	[10.56684151 10.4441574  10.26302618 10.48737979 10.51940088]
113	11.513562733262997	False	[10.62132588 10.1         9.97904197 10.86886293 10.3       ]
114	11.513562733262997	False	[10.18019822 10.48112626 10.49913044 10.17917626 10.71187187]
115	11.513562733262997	False	[10.21197917 10.6331754  10.2        10.71774679 10.43410891]
116	11.513562733262997	False	[10.2        10.38019364 10.45366871 10.50893367 10.45311709]
117	11.513562733262997	False	[10.2        11.10067106 10.85439229 11.06484332 10.8193347 ]
118	11.513562733262997	False	[10.1        10.82614206 10.1        10.75670965 10.1       ]
119	11.513562733262997	False	[10.80337272 11.02638567 10.85597455 10.91096323 10.1       ]
120	11.513562733262997	False	[10.2        10.2600807  10.2        10.46914765 10.17282673]
121	11.513562733262997	False	[10.87464811 10.1        10.1        10.92973791 11.33790694]
122	11.513562733262997	False	[11.101092   10.82119546 11.00815721 11.23495503 11.2495432 ]
123	11.513562733262997	False	[10.2        11.23406314 10.96948853 10.8319429  11.08606309]
124	11.513562733262997	False	[10.02360646 10.2        10.46462943 10.19981245 10.38801305]
125	11.513562733262997	False	[10.52728326 10.46732904 10.38792569 10.2        10.2       ]
126	11.513562733262997	False	[10.3        11.12407839 10.2        10.30319159 10.29706347]
127	11.513562733262997	False	[10.88014187 11.15387411 11.14733697 11.12184871 11.3226675 ]
128	11.513562733262997	False	[10.31198824 10.91520556 10.2        10.28174893 10.2       ]
129	11.513562733262997	False	[10.36915522 10.28376808 10.39637891 10.25405841 10.1       ]
130	11.513562733262997	False	[10.25416646 10.2        10.19023554 10.44083429 10.19210467]
131	11.513562733262997	False	[10.1        10.2        11.3655656  11.10889073 11.27621466]
132	11.513562733262997	False	[10.00081833  9.9        10.17955459 10.09539024 10.29246744]
133	11.513562733262997	False	[10.98555463 10.28755802 11.38827892 11.06132758 11.07510768]
134	11.513562733262997	False	[ 9.98075939 10.06614358 10.0286425  10.13794749 10.06352154]
135	11.513562733262997	False	[10.1        11.17337628 11.07911462 10.1        10.74642913]
136	11.513562733262997	False	[10.1        11.21397139 10.1        10.18633892 10.96157898]
137	11.513562733262997	False	[10.17373957 10.52935317 10.1        10.18513302 10.53416148]
138	11.513562733262997	False	[10.1        10.79766202 10.66904071 10.         10.75535865]
139	11.513562733262997	False	[10.60084381 10.54600719 10.1        10.5354061  10.43200307]
140	11.513562733262997	False	[10.29693096 10.         10.6334807  10.         10.71426126]
141	11.513562733262997	False	[10.58676429 10.54745388 10.1        10.56320306 10.49430004]
142	11.513562733262997	False	[10.16755088 10.17219631 10.24722266 10.03330654 10.1       ]
143	11.513562733262997	False	[10.622612   10.58273125 10.1840309  10.1        10.5254649 ]
144	11.513562733262997	False	[ 9.97449409 10.98035639 10.1944022  10.52698658 10.90207007]
145	11.513562733262997	False	[10.19118954 10.67324947 10.90193053 10.80002942 10.92471725]
146	11.513562733262997	False	[10.40331277 11.00449828 10.1        10.74522935 10.46910535]
147	11.513562733262997	False	[10.2        10.7696723  10.54729502 10.1        10.09773963]
148	11.513562733262997	False	[11.15816164 11.16867856 10.18932292 10.18809472 10.        ]
149	11.513562733262997	False	[10.77219838 10.59496667 10.2        10.38784828 10.1       ]
150	11.513562733262997	False	[10.31582702 10.2        10.25686665 10.1867769  10.17097211]
151	11.513562733262997	False	[10.95276392 11.28190138 10.96962258 10.1        10.201097  ]
152	11.513562733262997	False	[11.10479451 10.86665148 10.58486842 10.2        10.29320233]
153	11.513562733262997	False	[10.37932107 10.1        10.55307961 10.62431878 10.1       ]
154	11.513562733262997	False	[10.16716981 10.27676009 10.11433535 10.09787439 10.04015395]
155	11.618412638919656	True	[11.41665019 11.23125247 10.3        10.18580976 11.61841264]
156	11.618412638919656	False	[11.02490949 10.80604554 10.1        10.94932562 11.04450643]
157	11.618412638919656	False	[11.07086562 11.05894309 10.29912457 10.84802354 11.19422823]
158	11.618412638919656	False	[10.69519456 10.57494874 10.2        10.39375546 10.36094051]
159	11.618412638919656	False	[10.2        10.88437512 10.1        10.98572252 10.2       ]
160	11.618412638919656	False	[11.09239508 10.7276273  10.55395986 10.77578955 10.2       ]
161	11.618412638919656	False	[10.1        10.19184645 10.70387392 10.7774621  10.98737062]
162	11.618412638919656	False	[10.40506061 10.52958073 10.1        10.45800373 10.2       ]
163	11.618412638919656	False	[ 9.48599207 10.15747702 10.5194404  10.43417023 10.2       ]
164	11.618412638919656	False	[11.14271264 11.04480619 10.2        10.99654664 10.82798157]
165	11.618412638919656	False	[10.19932012 10.29589977 10.28577185 10.19210833 10.43625203]
166	11.618412638919656	False	[10.22207124 10.2        10.2822597  10.36842678 10.1       ]
167	11.618412638919656	False	[11.02847341 11.22785989 10.2        10.19741659 10.30190246]
168	11.618412638919656	False	[ 9.9        11.18117934 10.909078   10.2        11.07628636]
169	11.618412638919656	False	[10.51474757 10.1        10.50174588 10.53313206 10.1       ]
170	11.618412638919656	False	[10.1        10.19502584 11.04499352 11.06796109 10.901768  ]
171	11.618412638919656	False	[10.34824072 10.7394389  10.74220713 10.78403821 10.20097329]
172	11.618412638919656	False	[10.10616884 10.1        10.88297592 11.02460373 10.2       ]
173	11.618412638919656	False	[10.4347177  10.68900347 10.18983077 10.53257763 10.28184281]
174	11.618412638919656	False	[11.23981348 10.2        11.14461012 11.1474861  10.21250198]
175	11.618412638919656	False	[10.47675374  9.99352503 10.1        10.4894927  10.32688162]
176	11.618412638919656	False	[11.1396722  10.29559196 11.16206518 10.1        11.26065019]
177	11.618412638919656	False	[10.1        11.16059864 10.95073386 10.87892372 10.73773634]
178	11.618412638919656	False	[10.36787838 10.46780359 10.74771535 10.19414235 10.37791173]
179	11.618412638919656	False	[10.26610107 10.01514695 10.2        10.1        10.32440971]
180	11.618412638919656	False	[10.2        10.56249887 10.27408201 10.53147194 10.36896744]
181	11.618412638919656	False	[10.         10.62726579 10.2        10.17567268  9.98240096]
182	11.618412638919656	False	[10.2028632  11.04096117 10.3        11.20202572 11.16897857]
183	11.618412638919656	False	[10.1        10.18603953 10.13303192 10.2        10.41859829]
184	11.618412638919656	False	[10.2        10.20481166 10.09653501 10.56128725 10.34071678]
185	11.618412638919656	False	[10.19231595 10.20128963 10.55860746 10.91595896 10.74842255]
186	11.618412638919656	False	[10.3170785  10.58244803 10.51430482 10.1        10.40469865]
187	11.618412638919656	False	[10.1        10.45598358 10.         10.61031617 10.86474472]
188	11.618412638919656	False	[10.46193151 10.26384627 10.48234964 10.52039504 10.27402216]
189	11.618412638919656	False	[10.28611314 10.32005061 10.03488076 10.36011171 10.23084324]
190	11.618412638919656	False	[ 9.6        10.25168621  9.85572217 10.12820039 10.15835141]
191	11.618412638919656	False	[10.2        10.2        10.1        11.10586833  9.99348823]
192	11.618412638919656	False	[10.2        10.9490291  10.72194739 10.2        10.86337118]
193	11.618412638919656	False	[10.64039172 10.91123628 10.1        10.89979717 10.2       ]
194	11.618412638919656	False	[10.17036774 10.19952336 10.28272888 10.18200553 10.18061141]
195	11.618412638919656	False	[10.1        10.78156136 11.08991385 10.30948754 11.36660484]
196	11.618412638919656	False	[10.20611011 10.65501752 10.93001915 10.80702199 10.88077996]
197	11.618412638919656	False	[10.73838034 10.59225914 10.75378818 10.47683328 10.60061133]
198	11.618412638919656	False	[11.44122947 11.27668153 10.96585779 10.1        11.14506939]
199	11.618412638919656	False	[10.2        11.29980206 11.19015573 10.1        11.39825415]
200	11.618412638919656	False	[10.27979816 10.11665207 10.48547792 10.36826703 10.53849829]
201	11.618412638919656	False	[10.329364   10.28333795 10.49057117 10.1        10.2211453 ]
202	11.618412638919656	False	[10.63115681 10.2        10.67622717 10.48885165 10.55788486]
203	11.618412638919656	False	[10.77415449 10.74777019 10.28046655 10.17599925 10.1       ]
204	11.618412638919656	False	[10.32300401 10.11860221 10.00577307 10.14376359 10.1       ]
205	11.618412638919656	False	[10.67640637 10.54602101 10.2        10.18976143 10.70548158]
206	11.618412638919656	False	[10.2        10.71024563 10.71771823 10.62519911 10.29858181]
207	11.618412638919656	False	[10.49681096 10.54053734 10.1        10.4197523  10.79360994]
208	11.618412638919656	False	[10.84809705 10.66850624 10.19780189 10.29122794 10.89873423]
209	11.618412638919656	False	[10.23783869 10.41871754 10.27224965 10.08068806 10.05491531]
210	11.618412638919656	False	[10.1        10.21123729 10.21411874 10.18475874 10.2       ]
211	11.618412638919656	False	[10.52113943 10.77678184 10.45661037 10.70355984 10.46303184]
212	11.618412638919656	False	[11.22360514 10.28945061 10.87071595 10.87706349 10.6668073 ]
213	11.618412638919656	False	[10.72924395 10.893178   10.81072636 10.08990389 10.99713289]
214	11.618412638919656	False	[10.42116315 10.1        10.1        10.14079222 10.2       ]
215	11.618412638919656	False	[10.63832383 10.81936113 11.23987796 10.29156285 11.22827787]
216	11.618412638919656	False	[10.27115243 10.02287131 10.20319279 10.2        10.45110926]
217	11.618412638919656	False	[10.93199608 10.90834058 11.24195257 10.2        11.06777137]
218	11.618412638919656	False	[10.34579926 10.18326876 10.37788415 10.73059771 10.25833164]
219	11.618412638919656	False	[11.0598617  10.97204586 11.06445058 10.2        11.01404315]
220	11.618412638919656	False	[10.38696746 10.2         9.81899281 10.18012037 10.11402036]
221	11.618412638919656	False	[10.2        10.91232483 10.85615801 10.951034   11.17740959]
222	11.618412638919656	False	[ 9.99075181 10.26490599 10.27258773 10.36329966 10.3       ]
223	11.618412638919656	False	[10.74443645 10.33785611 10.2262934   9.9        10.26610468]
224	11.618412638919656	False	[10.6670373  10.65332182 10.28194877 10.18716023 10.2       ]
225	11.618412638919656	False	[10.80919872 10.91559815 11.18348112 10.1        10.1       ]
226	11.618412638919656	False	[10.26149131 10.2        10.2850278  10.12880868 10.19138129]
227	11.618412638919656	False	[10.02036908 10.20111624 10.1        10.05138594  9.84838703]
228	11.618412638919656	False	[ 9.94660141  9.88604131 10.13257095 10.11913022 10.1       ]
229	11.618412638919656	False	[10.1        10.208677   10.44750752 10.60765157 10.32119273]
230	11.618412638919656	False	[11.25037621 10.1        10.2         9.79208358 11.20786789]
231	11.618412638919656	False	[10.54788283 10.2        10.1        10.1        10.62077198]
232	11.618412638919656	False	[10.94594483 10.95656671 10.2        10.76823355 10.87668293]
233	11.618412638919656	False	[10.55614909 10.17935504 10.58415739 10.1        10.70708641]
234	11.618412638919656	False	[10.06540818 10.2        10.19225105 10.65120845 10.1       ]
235	11.618412638919656	False	[10.81129138 10.20856443 10.65375655 10.67290324 10.58933078]
236	11.618412638919656	False	[11.08151566 10.90042375 10.95169262 10.88963127 10.72118807]
237	11.618412638919656	False	[10.65798968 10.6004434  10.63776652 10.50022784 10.85669453]
238	11.618412638919656	False	[10.25137291 10.2        10.23177651 10.1        10.40512279]
239	11.618412638919656	False	[10.1        10.2        10.2        11.26674348 11.33380778]
240	11.618412638919656	False	[10.12211443 10.1        10.11982085 10.07765899 10.10820179]
241	11.618412638919656	False	[10.97739851 10.2        10.83374517 10.89979459 10.86402063]
242	11.618412638919656	False	[10.65709915 10.3        10.67247279 11.21528753 10.2       ]
243	11.618412638919656	False	[10.3        10.20330152 10.34840622 10.48884545 10.17058712]
244	11.618412638919656	False	[11.53586244 11.27235982 10.1        11.04099543 11.09383257]
245	11.618412638919656	False	[10.2        10.77827373 10.2        11.08372714 10.2       ]
246	11.618412638919656	False	[10.47789014 10.45031672 10.44266276 10.32038799 10.49433861]
247	11.618412638919656	False	[10.1        10.27213045 10.3        10.39217534 10.43088152]
248	11.618412638919656	False	[10.18707676 10.2        10.30537629 10.19020516 10.63514134]
249	11.618412638919656	False	[10.1        10.54058638 10.5348462  10.19791488 10.2       ]
250	11.618412638919656	False	[10.78706055 10.20735443 10.9297403  10.1        10.20750291]
251	11.618412638919656	False	[10.18549103 10.         10.9602298  11.12631931 11.24983418]
252	11.618412638919656	False	[10.1        10.2        10.21087951 10.16884659 10.88552732]
253	11.618412638919656	False	[10.6106704  10.39434267 10.1        10.1532144  10.2       ]
254	11.618412638919656	False	[10.29817486 11.02384034 10.2        10.847404   11.25416209]
255	11.618412638919656	False	[11.05897373 10.18837516 10.86317647 10.3        10.83390373]
256	11.618412638919656	False	[10.93222942 10.2        10.76250626 10.89115803 10.65629434]
257	11.618412638919656	False	[10.12063076 10.2672783  10.3353999  10.52122941 10.24363852]
258	11.618412638919656	False	[10.45664355 10.2        10.28216908 10.18643155 10.69663868]
259	11.618412638919656	False	[10.95068748 10.1        11.13686368 10.1        10.2       ]
260	11.618412638919656	False	[10.2        10.99061081 11.20278361 10.1        10.29167524]
261	11.618412638919656	False	[ 9.99560888 10.16770025 10.2        10.18697971 10.        ]
262	11.618412638919656	False	[10.29917373 10.25470182 10.1        10.17877765 10.4945774 ]
263	11.618412638919656	False	[10.49471651 10.31457418 10.38294382 10.37888674 10.51452994]
264	11.618412638919656	False	[10.53964657 10.1603383  10.1        10.19194104  9.76324035]
265	11.618412638919656	False	[10.81777172 10.1        10.         10.9405254  11.06653452]
266	11.618412638919656	False	[11.28565681 10.19872448 11.23451285 11.29731033 10.18606331]
267	11.618412638919656	False	[10.16336567 10.1        10.1        10.1        10.35306888]
268	11.618412638919656	False	[10.18796299 10.70494495 10.1        10.74260955 10.66897198]
269	11.618412638919656	False	[10.95741033 10.79628796 10.2        10.96525798 10.64474983]
270	11.618412638919656	False	[10.99489171 10.95683322 10.3        10.92560323  9.9       ]
271	11.618412638919656	False	[10.82866819 10.88626581 10.80896822 10.87615466 11.02379647]
272	11.618412638919656	False	[10.66531369 10.17624152 10.1        10.28089031 10.48768578]
273	11.618412638919656	False	[10.92961465 10.52210178 10.1        11.34027621 11.14042283]
274	11.618412638919656	False	[10.79417693 10.1        10.86649392 10.1        10.        ]
275	11.618412638919656	False	[10.71980335 10.61206149 10.65143688 10.1        10.65810691]
276	11.618412638919656	False	[10.73886598 11.22087326 11.34523782 10.90847516 11.3934257 ]
277	11.618412638919656	False	[10.1        10.97537016 10.78424646 10.68544865  9.9       ]
278	11.618412638919656	False	[10.83967734 10.80124639 10.1        10.80337739 10.65493653]
279	11.618412638919656	False	[10.1196201  10.35006046 10.04264951  9.85858608 10.14778162]
280	11.618412638919656	False	[10.83970083 10.38741288 10.3923545  10.65738902 10.56500848]
281	11.618412638919656	False	[10.89821621 11.18224358 10.1        10.1        10.2       ]
282	11.618412638919656	False	[10.3        10.28934913 10.6847873  10.72023178 10.1       ]
283	11.618412638919656	False	[10.44663233 10.25596315 10.3        10.17329369 10.27958648]
284	11.618412638919656	False	[10.92031216 10.29550323 10.1891681  10.81322179 10.1       ]
285	11.618412638919656	False	[10.62303632 10.         10.54913469 10.1        10.1       ]
286	11.618412638919656	False	[10.88697872 10.6906752  10.9540147  10.57077719 10.1       ]
287	11.618412638919656	False	[10.42777237 10.1        10.2        10.18161838 10.1       ]
288	11.618412638919656	False	[10.28951451 10.17752679 10.2        10.0679802  10.1       ]
289	11.618412638919656	False	[11.01275065 10.97694807 10.78642739 10.83471217 10.8232991 ]
290	11.618412638919656	False	[10.2        10.11080866 10.1        10.09080136 10.30145767]
291	11.618412638919656	False	[ 9.95924433  9.97229081  9.98146876 10.1        10.2       ]
292	11.618412638919656	False	[10.04221367 10.24097462 10.31622101 10.1        10.29530006]
293	11.618412638919656	False	[ 9.83355944  9.93629295 10.1        10.23170088 10.27507283]
294	11.618412638919656	False	[10.28540091 10.2        10.2        10.26406659 10.2       ]
295	11.618412638919656	False	[10.17946424  9.8918975  10.1971648  10.11461488 10.08856004]
296	11.618412638919656	False	[10.23495678 10.3257039  10.58475886 10.62904325 10.41992002]
297	11.618412638919656	False	[10.30053704 10.2        11.00724871 10.79993107 10.87023441]
298	11.618412638919656	False	[ 9.88283079 10.1240017  10.2        10.2739524  10.27568009]
299	11.618412638919656	False	[10.34778384 10.29270445 10.2        10.31748084 10.1       ]
300	11.618412638919656	False	[11.08385568 10.1        10.2        10.79912206 10.86358563]
301	11.618412638919656	False	[ 9.87253668 10.28875211 10.29616807 10.2        10.28204021]
302	11.618412638919656	False	[10.2        10.95208549 10.82183671 10.1        11.20772224]
303	11.618412638919656	False	[10.1        10.50991432 10.2        10.18209262 10.32186728]
304	11.618412638919656	False	[10.1        10.29612175 10.27703879 10.2        10.55269244]
305	11.618412638919656	False	[10.76248063 10.68519646 10.75874622 10.2        10.77390109]
306	11.618412638919656	False	[11.27710094 10.2        11.1702892  11.12190803 11.3125851 ]
307	11.618412638919656	False	[10.84819388 10.54190005 10.83206535 10.27880688 10.92066239]
308	11.618412638919656	False	[10.58232088 10.80684194 10.79514111 10.65704642 10.60961249]
309	11.618412638919656	False	[10.1        10.1        10.2        10.17331684 10.40338703]
310	11.618412638919656	False	[10.36308255 10.37088719 10.78449552 10.25393237  9.6       ]
311	11.618412638919656	False	[10.19430101 10.34081219 10.1        10.08391144  9.98859401]
312	11.618412638919656	False	[10.69715692 10.30154426 10.3092969  10.69199827 10.63330831]
313	11.618412638919656	False	[10.1        10.09811577 10.24042461 10.25777371 10.30547825]
314	11.618412638919656	False	[10.93957965 10.2        10.88398708 10.88397608 10.29138994]
315	11.618412638919656	False	[10.2948629  11.09061017 11.17938009 10.9418817  10.96990898]
316	11.618412638919656	False	[10.1        10.25257053 10.29466488  9.98528088 10.1       ]
317	11.618412638919656	False	[10.30815924 10.27683812 10.2        10.18842575 10.2       ]
318	11.618412638919656	False	[10.2        10.77482545 11.1630968  11.22915989 11.10768327]
319	11.618412638919656	False	[11.05669204 11.29163006 11.23091807 11.1801962  11.21818913]
320	11.618412638919656	False	[10.78348835 10.62581612 10.29922885 10.19644028 10.2       ]
321	11.618412638919656	False	[10.72618971 10.2        11.02588277 10.82662121 10.1       ]
322	11.618412638919656	False	[10.1        11.17738271 11.11988474 11.05135195 11.2290808 ]
323	11.618412638919656	False	[10.3        10.71314056 10.1        10.68509136 10.18134312]
324	11.618412638919656	False	[10.1        10.59224019 10.79537874 10.61410389 10.73654741]
325	11.618412638919656	False	[10.77616493 10.1        10.96607875 11.08776279 11.02920712]
326	11.618412638919656	False	[10.8008142  10.53889639 10.49237038 10.1        10.2       ]
327	11.618412638919656	False	[10.18432529 10.99482928 10.15543004 10.1        10.73213485]
328	11.618412638919656	False	[10.75481362 10.91170669 10.1        10.92140785 10.82213025]
329	11.618412638919656	False	[10.72350467 10.20663191 10.65419029 10.36873786 11.09726146]
330	11.618412638919656	False	[10.18307207 10.05957063 10.43148594 10.2        10.12290558]
331	11.618412638919656	False	[10.08112269 10.2031554  10.41745683 10.2        10.29561157]
332	11.618412638919656	False	[10.94207686 10.2        10.28774782 10.29902871 11.30598598]
333	11.618412638919656	False	[10.62219022 10.62391543 10.83327992 10.2        10.19728736]
334	11.618412638919656	False	[10.92910615 11.16719769 11.40546605 11.00895012 10.1       ]
335	11.618412638919656	False	[10.4636292  10.38521542 10.37031601 10.2        10.3750198 ]
336	11.618412638919656	False	[10.88796574 10.74778671 10.81163648  9.9        10.70922787]
337	11.618412638919656	False	[10.54070666 10.19509598 10.45912506 10.40676996 10.40070163]
338	11.618412638919656	False	[10.40975644 10.36077857 10.33721556 10.30055782 10.29976401]
339	11.618412638919656	False	[11.50183516 10.1        11.18745242 11.2138079  11.30394469]
340	11.618412638919656	False	[10.1        10.2        10.67438987 10.2        10.2       ]
341	11.618412638919656	False	[10.0831292  10.43634285 10.2        10.28520943 10.22478849]
342	11.618412638919656	False	[10.85889565 10.63878451 10.84996911 10.29965508 10.94667104]
343	11.618412638919656	False	[10.05255706 10.1        10.18228707 10.1        10.2       ]
344	11.618412638919656	False	[10.1        11.02567582 10.2        10.86042744 10.87763638]
345	11.618412638919656	False	[10.40113732 10.58004149 10.11716125 10.50848781 10.51585474]
346	11.618412638919656	False	[10.2        11.47836475 11.31345505 11.32399676 11.33143145]
347	11.618412638919656	False	[10.         10.0795507   9.7        10.18363871 10.2       ]
348	11.618412638919656	False	[10.82816532 10.1         9.9        10.3        10.2       ]
349	11.618412638919656	False	[10.82388181 10.4005175  10.9024385  10.1        10.80725148]
350	11.618412638919656	False	[10.34786514 10.2        10.35201974 10.1        10.2705099 ]
351	11.618412638919656	False	[10.46545042 10.1        10.61345706 10.72373814 10.57812769]
352	11.618412638919656	False	[11.25601866 10.8017374  10.58708549 10.1        10.22586794]
353	11.618412638919656	False	[10.1        10.15352363 10.         10.2        10.15996753]
354	11.618412638919656	False	[10.         10.1         9.94062081 10.00743842 10.18414129]
355	11.618412638919656	False	[10.59656067 10.56251991 10.1736929  10.2        10.49056253]
356	11.618412638919656	False	[10.18612204 10.36715726 10.00228293 10.25224488 10.38369388]
357	11.618412638919656	False	[10.1        10.1        10.25089664 10.1140197  10.25991938]
358	11.618412638919656	False	[10.69698779 10.8774569  10.86869658 10.9029865  10.79392467]
359	11.618412638919656	False	[10.1        10.83540157 10.2        10.3        10.91341366]
360	11.618412638919656	False	[11.35147371 11.36586431 10.1        11.11851981 10.93294175]
361	11.618412638919656	False	[10.26910075 10.19709095 10.19601776 10.19133844 10.44106135]
362	11.618412638919656	False	[10.1        10.21843246 10.21817957 10.14028855 10.30160296]
363	11.618412638919656	False	[10.37823879 10.2        10.18459756 10.57990482 10.59492126]
364	11.618412638919656	False	[11.23148931 11.25471465 10.95809523 11.28230239 10.1       ]
365	11.618412638919656	False	[ 9.99880944 10.         10.40395904 10.28591185 10.1       ]
366	11.618412638919656	False	[10.00528524 10.1        10.1722141  10.1        10.1       ]
367	11.618412638919656	False	[10.1        11.16536642 10.76927921 10.20469729 10.18548088]
368	11.618412638919656	False	[10.37357205 10.         11.09944891 10.55093077 10.73975805]
369	11.618412638919656	False	[10.51344259 10.66702904 10.47362204 10.42137047 10.1       ]
370	11.618412638919656	False	[10.42939187 10.14560515 10.2        10.40212496 10.2       ]
371	11.618412638919656	False	[10.30806528 10.740609   10.91913384 10.81621063 10.83988167]
372	11.618412638919656	False	[10.50060389 10.29056852 10.1        10.33960077 10.30139085]
373	11.618412638919656	False	[10.15323927 10.02369308 10.06733356 10.1        10.28100083]
374	11.618412638919656	False	[10.78923267 11.23831835 10.2        10.83320407 10.99978131]
375	11.618412638919656	False	[10.96116167 10.         11.19350532 10.92539107 10.18934635]
376	11.618412638919656	False	[10.34669442 10.61182036 10.         10.1        10.39800899]
377	11.618412638919656	False	[10.36834226 10.04508072 10.4888465  10.36846333 10.33063135]
378	11.618412638919656	False	[10.77923889 10.2        10.28481158 10.2        11.14723675]
379	11.618412638919656	False	[10.32799727 10.50503614 10.31038739  9.88959126 10.23277146]
380	11.618412638919656	False	[10.56992943 10.1        10.31938836 10.44641963 10.39091219]
381	11.618412638919656	False	[10.90527846 10.92045192 10.31298879 10.82657083 10.3       ]
382	11.618412638919656	False	[10.30197541 10.19676925 10.87565475 11.24351234 10.2       ]
383	11.618412638919656	False	[10.29995561 10.98934908 10.88611347 11.03053515 11.04436652]
384	11.618412638919656	False	[10.12361334 10.25045227 10.1        10.32519069 10.        ]
385	11.618412638919656	False	[11.23321178 10.30511711 11.01687884 11.02662306 11.25913762]
386	11.618412638919656	False	[10.1        10.2        10.126301   10.19544604 10.04861085]
387	11.618412638919656	False	[10.9002813  10.1        10.3        10.89794822 10.2       ]
388	11.618412638919656	False	[10.28944774 10.07677307 10.17386347  9.95021345 10.22593484]
389	11.618412638919656	False	[11.41563172 10.1        11.2453701  10.70242332 11.04807578]
390	11.618412638919656	False	[10.2        10.31981129 10.7096623  10.1        10.27229897]
391	11.618412638919656	False	[11.18710841 11.11252701 10.8760717  10.95917918 10.91946929]
392	11.618412638919656	False	[10.98659552 10.1        10.2        11.01209662 11.18056094]
393	11.618412638919656	False	[10.1        10.1        10.57833266 10.41995124 10.08774247]
394	11.618412638919656	False	[10.80392082 10.79099802 10.1        10.2        11.04141088]
395	11.618412638919656	False	[10.75923937 10.2        11.13540055 11.11825399 10.19237545]
396	11.618412638919656	False	[10.27664357 10.12534872  9.97613941 10.35422897 10.16716661]
397	11.618412638919656	False	[10.2        10.1        10.93668221 11.23157894 11.39154705]
398	11.618412638919656	False	[11.00055685 11.04637739 11.24729662 11.07988077 11.23024223]
399	11.618412638919656	False	[10.78389058 10.19036861 10.77624997 10.67640757 10.2       ]
400	11.618412638919656	False	[10.3002447  10.1        10.10976261 10.37024305 10.17272079]
401	11.618412638919656	False	[10.3        10.51980625 10.6673851  10.59510567 10.49380627]
402	11.618412638919656	False	[10.1        10.53196674 10.82317    10.42363583 11.0159043 ]
403	11.618412638919656	False	[10.23797752 10.03315926 10.35431841 10.26493543 10.23716315]
404	11.618412638919656	False	[10.2        10.18740143  9.9        10.14531004  9.6       ]
405	11.618412638919656	False	[11.13823699 10.60603163 10.2        11.09197458 10.1       ]
406	11.618412638919656	False	[10.2        10.19303589 10.28378871 10.30562277 10.2       ]
407	11.618412638919656	False	[10.8753791  10.96114174 10.1        10.2        10.92645077]
408	11.618412638919656	False	[10.62952783 10.62116987 10.49401231 10.08010346 10.89094576]
409	11.618412638919656	False	[10.74372467 10.67236053 11.45457676 10.72969447 10.96216152]
410	11.618412638919656	False	[10.1        10.450532   10.38249004 10.         10.29722563]
411	11.618412638919656	False	[10.21771069 10.2        10.18438595 10.6773534  10.1       ]
412	11.618412638919656	False	[10.76817479 11.00895704 10.68576248 10.9836597  10.2       ]
413	11.618412638919656	False	[11.01632831 10.67651755 10.74559973 10.82468555 11.07235054]
414	11.618412638919656	False	[10.2        10.13060442 10.59459278 10.51312057 10.32706748]
415	11.618412638919656	False	[10.1        10.28543549 10.85140764 10.94585162 10.92817931]
416	11.618412638919656	False	[10.77042308 10.         11.01544039 10.21289951 11.07920791]
417	11.618412638919656	False	[10.1        11.24536096 10.18735166 10.21143261 11.26619665]
418	11.618412638919656	False	[10.59973786 10.3874757  10.1        10.05480569  9.81408827]
419	11.618412638919656	False	[10.38912643 11.15800017 10.29178218 10.95065905 10.98723376]
420	11.618412638919656	False	[10.3144343  10.1        10.30800382 11.14246654 10.29853031]
421	11.618412638919656	False	[10.99182068 10.89256656 10.91909027 10.1        10.2       ]
422	11.618412638919656	False	[10.3        10.79422148 10.1        10.79826473 10.81128882]
423	11.618412638919656	False	[10.08492223 10.34962442 10.40559316 10.40916538 10.43088667]
424	11.618412638919656	False	[10.97962903 10.28629836 10.9719321  10.1        10.92802145]
425	11.618412638919656	False	[10.36542495 10.37951829 10.15985021 10.31873678 10.31835735]
426	11.618412638919656	False	[10.28381895 10.43005012 10.11954234 10.19121442 10.08428936]
427	11.618412638919656	False	[10.81863639 11.01722189 10.2        10.98972726 10.20194324]
428	11.618412638919656	False	[10.2        10.28536211 10.87708642 11.07801656 11.20022009]
429	11.618412638919656	False	[10.03699682 10.33579625 10.2        10.07692624  9.99784784]
430	11.618412638919656	False	[10.20214636 10.1        10.52730077 10.52015414 10.23479871]
431	11.618412638919656	False	[10.51350422 10.1        10.38201893 10.29828582 10.17879465]
432	11.618412638919656	False	[10.2        10.50522816 10.57490169 10.61081852 10.1       ]
433	11.618412638919656	False	[10.2        10.18759008 11.08854991 10.30636274 11.00781675]
434	11.618412638919656	False	[10.65934854 10.2        10.1        10.86374772 10.86257403]
435	11.618412638919656	False	[11.18655621 11.06869381 11.20041252 11.23500673 10.75330166]
436	11.618412638919656	False	[10.83324903 10.94220187 10.8015189  10.70952755 10.32139172]
437	11.618412638919656	False	[10.21536392 10.1         9.9        10.1        10.07189463]
438	11.618412638919656	False	[10.70594477 10.29494825 10.2        10.27676321 10.28174357]
439	11.618412638919656	False	[11.29130797 11.18209556 10.27438146 10.94695869 10.9140108 ]
440	11.618412638919656	False	[ 9.9        10.73325995 10.19355608 10.26973827 10.1       ]
441	11.618412638919656	False	[10.         10.         10.69518349 10.305036   10.58210379]
442	11.618412638919656	False	[10.1        10.30467156 10.81298576 11.14410305 11.18551929]
443	11.618412638919656	False	[10.95249153 10.83045467 11.1164041  11.05356008 10.98399733]
444	11.618412638919656	False	[10.09967305 10.2        10.35376653 10.21915317 10.31061515]
445	11.618412638919656	False	[10.9237477  11.04865896 10.77239559 10.79821081 10.2       ]
446	11.618412638919656	False	[10.14324557 10.1        10.07393753 10.1        10.3887731 ]
447	11.618412638919656	False	[10.1        10.63129155  9.98311866 10.58505462 10.43644068]
448	11.618412638919656	False	[10.1        10.64242891 10.1        10.2        10.58346136]
449	11.618412638919656	False	[10.1        10.26910075 10.1         9.90393909 10.041976  ]
450	11.618412638919656	False	[10.         10.1        10.          9.8059959  10.54709129]
451	11.618412638919656	False	[10.19373529 10.3        10.30718399 10.2        10.60575629]
452	11.618412638919656	False	[ 9.9        10.54144325 10.6019593  10.43532115  9.76658783]
453	11.618412638919656	False	[10.2        10.28838496 10.47388894 10.1        10.13681193]
454	11.618412638919656	False	[10.4787942  10.1        10.36140753 10.19119325 10.2       ]
455	11.618412638919656	False	[10.19086941 10.55023595 10.19057175 10.93037324 10.82997751]
456	11.618412638919656	False	[10.17726579 10.39725459 10.40540376 10.37379764 10.2       ]
457	11.618412638919656	False	[10.29762691 10.88869297 10.6981598  10.9494558  11.02255532]
458	11.618412638919656	False	[11.19271091  9.9        10.19494867 10.1        11.42836066]
459	11.618412638919656	False	[10.06243015 10.52069212 10.1        10.50654986 10.2       ]
460	11.618412638919656	False	[11.08217936 10.1        11.06851128 10.2        11.26962633]
461	11.618412638919656	False	[10.1        11.19429348 11.3045551  10.1        11.21138475]
462	11.618412638919656	False	[10.2        11.05985412 10.26398891 10.2        10.2       ]
463	11.618412638919656	False	[10.98945593 10.1        11.31696116 11.60249546 10.2       ]
464	11.618412638919656	False	[10.144905   10.39802135 10.2        10.10638811 10.25025005]
465	11.618412638919656	False	[10.20331188 10.03275533 10.20582104 10.12897189 10.3       ]
466	11.618412638919656	False	[10.29471302 10.03206831 10.33531502 10.19172476 10.23765807]
467	11.618412638919656	False	[10.1        10.2        11.38562394 10.18273408 11.25799314]
468	11.618412638919656	False	[ 9.99701009 10.32412399 10.29658509 10.1         9.96908843]
469	11.618412638919656	False	[10.29381938 10.2        10.8205321  10.1        10.87144167]
470	11.618412638919656	False	[10.19587617 10.45736809 10.1        10.19614308 10.27095407]
471	11.618412638919656	False	[10.85306391 10.7589163  10.28870108 10.2        10.68807727]
472	11.618412638919656	False	[10.1        10.85026343 10.67802995 10.83997263 10.1       ]
473	11.618412638919656	False	[10.2        10.17190304 10.2        10.2        10.15900732]
474	11.618412638919656	False	[10.         10.1        10.         11.23667945 11.04774261]
475	11.618412638919656	False	[10.70670347 10.79774927 10.50023685 10.65889996 10.74656343]
476	11.618412638919656	False	[10.38958877 10.56452827 10.55309677 10.38764165 10.18880447]
477	11.618412638919656	False	[10.55447379 10.71865722 10.7472004  10.1        10.1       ]
478	11.618412638919656	False	[10.66987881 10.2        10.79871679 10.8720954  10.79059386]
479	11.618412638919656	False	[10.62973336 10.47577423 10.3        10.8175543  10.38791868]
480	11.618412638919656	False	[10.15620854 10.13801838 10.34130189 10.03062525 10.23865267]
481	11.618412638919656	False	[10.92507199 10.62584127 10.65584828 10.79233046 10.82666427]
482	11.618412638919656	False	[10.44191738 10.3475191  10.27314201 10.2        10.2684925 ]
483	11.618412638919656	False	[10.28932158 10.60998023 10.5882337  10.2        10.59426146]
484	11.618412638919656	False	[10.75966287 10.94722045 10.19100051 10.94765648 10.2       ]
485	11.618412638919656	False	[10.57820147 10.33093973 10.41269615 10.69290193 10.18113815]
486	11.618412638919656	False	[10.2        10.2        10.87531672 10.08981457 10.1       ]
487	11.618412638919656	False	[10.1        10.41461698 10.18228224 10.2368859  10.32051953]
488	11.618412638919656	False	[10.1        11.1129839  10.8419885  10.87214363 10.1       ]
489	11.618412638919656	False	[10.65916527 10.1        11.15460009 11.19995175 10.1       ]
490	11.618412638919656	False	[10.12022672 10.19867448 10.19829952 10.3        10.2       ]
491	11.618412638919656	False	[10.3        10.18289149 10.2872427  10.98011142 10.86642555]
492	11.618412638919656	False	[10.1        10.18102437 10.11059163 10.10709349 10.22890501]
493	11.618412638919656	False	[10.82413593 10.3        10.30798894 10.40848299 10.48741513]
494	11.618412638919656	False	[10.47240755 10.7044911  10.26063958 10.18192651 10.2       ]
495	11.618412638919656	False	[10.35499591 10.53871649 10.69953001 10.1        10.52695305]
496	11.618412638919656	False	[10.06340225 10.16563264 10.3048197  10.1464476  10.1       ]
497	11.618412638919656	False	[10.1        11.1897127  10.30354387 10.2        10.88557887]
498	11.618412638919656	False	[10.67892472 10.5035895  10.5963455  10.42950475 10.1       ]
499	11.618412638919656	False	[10.40435602 10.72679308 10.85120216 10.70359147 10.2       ]
500	11.618412638919656	False	[ 9.95857027 10.63561631 10.21726825 10.1        10.1       ]
501	11.618412638919656	False	[10.75091517 10.69825571 10.82995097 11.01306488 10.51251399]
502	11.618412638919656	False	[10.39316511 10.1        10.57118291 10.59291979 10.21845255]
503	11.618412638919656	False	[10.34520311 10.          9.94971259 10.40846929 10.09441595]
504	11.618412638919656	False	[11.06334283 11.21697007 11.12469957 10.         10.2       ]
505	11.618412638919656	False	[10.57857573 10.3        10.30089855 10.17640716 10.93267521]
506	11.618412638919656	False	[11.36337308 11.19660661 11.39042104 11.26111683 10.1       ]
507	11.618412638919656	False	[10.1        10.51954599 10.46650079 10.68834259 10.1       ]
508	11.618412638919656	False	[10.8174179   9.8        10.19353988 10.66747776 11.11988805]
509	11.618412638919656	False	[10.15480733  9.95558063 10.21168854  9.92794662 10.03623065]
510	11.618412638919656	False	[10.1        10.31323619 11.14019997 10.6920372  10.93368465]
511	11.618412638919656	False	[10.87065718 10.93952075 10.21823333 10.85245306 11.12217704]
512	11.618412638919656	False	[10.30030282 10.93687545 10.94972632 11.02091352 10.79372115]
513	11.618412638919656	False	[10.43097631 10.3        10.39168248 10.28114369 10.1       ]
514	11.618412638919656	False	[11.24303044 11.49327722 11.22474712 11.03976424 10.29675526]
515	11.618412638919656	False	[ 9.93084345 10.18588831 10.         10.0475247   9.97764454]
516	11.618412638919656	False	[10.93764531 10.1        10.1        10.87642188 10.2       ]
517	11.618412638919656	False	[10.19585276 11.09914328 10.89859917 10.9229054  10.71911775]
518	11.618412638919656	False	[10.1        10.41395481 10.36668467 10.1        10.41091513]
519	11.618412638919656	False	[11.16493342 10.1        10.         10.66974569 10.        ]
520	11.618412638919656	False	[10.1        10.6755093  10.1        10.17370557 10.60316233]
521	11.618412638919656	False	[10.42075881 10.37402989 10.38841174 10.         10.1       ]
522	11.618412638919656	False	[11.22305013 11.09572279 11.15015986 11.06213307 10.1       ]
523	11.618412638919656	False	[10.29188229 10.19893153 11.10452601 11.02057373 11.03715088]
524	11.618412638919656	False	[11.06804828 10.2        10.91532253 10.2        11.10015911]
525	11.618412638919656	False	[10.13124437 10.12968388 10.19716792 10.18436179 10.19571685]
526	11.618412638919656	False	[10.39779545 10.48661208 10.4999667  10.61065574 10.82550515]
527	11.618412638919656	False	[10.2        10.2417163  10.2        10.2        10.17413614]
528	11.618412638919656	False	[10.         10.51181728 10.3524793  10.48196347 10.47314442]
529	11.618412638919656	False	[10.07732103 10.81946145 10.19061662 10.73337291 10.69813801]
530	11.618412638919656	False	[10.93877928 11.02976463  9.9        10.87488004 10.76888339]
531	11.618412638919656	False	[10.2        10.1        10.2381929  10.2        10.61330432]
532	11.618412638919656	False	[10.02533011 10.26886522 10.18483997 10.1         9.99481843]
533	11.618412638919656	False	[10.2        10.57055363 10.68728757 10.50336596 10.80544333]
534	11.618412638919656	False	[10.80909524 10.2        10.894325   10.79018809 10.76910975]
535	11.618412638919656	False	[11.34311609 10.18474821 11.26670814 10.21219126 11.09304115]
536	11.618412638919656	False	[10.7165282  10.72286999 10.68197599 10.56081713 10.85545409]
537	11.618412638919656	False	[10.10531216 10.05151683 10.1        10.29985739 10.27800983]
538	11.618412638919656	False	[10.29765683 10.59191274 10.0916104  10.412161   10.1       ]
539	11.618412638919656	False	[11.26829174 10.74723373 10.90328468 11.20938506 11.095802  ]
540	11.618412638919656	False	[10.1        10.2        10.94331962 10.20367239 11.07937764]
541	11.618412638919656	False	[10.2        10.2        10.78289266 10.97374267 10.785658  ]
542	11.618412638919656	False	[10.1        10.30994466 10.43798301 10.65124518 10.69175554]
543	11.618412638919656	False	[10.1        11.2928721  11.07713794 10.2        11.37102683]
544	11.618412638919656	False	[10.76001886 11.04328805 11.13443625 10.20143882 10.29934396]
545	11.618412638919656	False	[10.79073538 11.22093028 11.08182519 11.29609879 10.2       ]
546	11.618412638919656	False	[10.84113998 10.86770192 10.06404979 10.29661481  9.7       ]
547	11.618412638919656	False	[10.50747771 10.45985439 10.3922047  10.09613655 10.2       ]
548	11.618412638919656	False	[10.36891756 10.11250325 10.16008489 10.31910965  9.91893955]
549	11.618412638919656	False	[10.2        10.1        10.44249551 10.20199526 10.1       ]
550	11.618412638919656	False	[10.10590879 11.18748445 10.1        11.03039953 11.20671619]
551	11.618412638919656	False	[10.81178405 10.99020366 10.69643851 10.78333176 10.20809107]
552	11.618412638919656	False	[10.66199876 10.72198232 10.80264362 10.48070305 10.76690737]
553	11.618412638919656	False	[10.23360379 10.21991583 10.13392551  9.95667201 10.2       ]
554	11.618412638919656	False	[10.1899721  10.56487376 10.2        10.40421177 10.63338601]
555	11.618412638919656	False	[10.74221727 10.70525566 10.49952696 10.2        10.6612463 ]
556	11.618412638919656	False	[10.1        10.07686829  9.87756093 10.1         9.96566658]
557	11.618412638919656	False	[10.81337361 10.84758828 10.46668969 10.91396429 10.2       ]
558	11.618412638919656	False	[10.6356613  10.62124024 10.1        10.56772547 10.65699552]
559	11.618412638919656	False	[10.2006475  10.17137517 10.05522694 10.21182715 10.2       ]
560	11.618412638919656	False	[10.98396888 11.23524769 10.29598746 10.2        10.93158376]
561	11.618412638919656	False	[10.97438226 10.84332486 11.00430841 11.21385521 10.2       ]
562	11.618412638919656	False	[10.4598635  10.77773425 10.1        10.56371646 10.81359803]
563	11.618412638919656	False	[10.50206411 10.19368182 10.25209273 10.1        10.45738059]
564	11.618412638919656	False	[10.567128   10.25147971 10.54309025 10.2        10.1       ]
565	11.618412638919656	False	[10.14489403 10.13682378 10.1        10.1        10.28672451]
566	11.618412638919656	False	[10.1        11.10244267 10.56427277 10.1        10.71539218]
567	11.618412638919656	False	[10.74116133 10.75709599 10.77779093 10.81547916  9.87050049]
568	11.618412638919656	False	[10.2        10.923106   10.30803259 10.20526722 10.87024888]
569	11.618412638919656	False	[10.37960516 10.2        10.67327532 10.69721088 10.29685471]
570	11.618412638919656	False	[10.28595783 10.42984595 10.29400635 10.17422422 10.53867052]
571	11.618412638919656	False	[10.29799526 10.21416021 10.30759063 10.43261604 10.        ]
572	11.618412638919656	False	[10.65161792 10.1        10.96678835 10.2        10.19750576]
573	11.618412638919656	False	[10.96604834 11.04291478 10.91003673 11.1139299  11.0050084 ]
574	11.618412638919656	False	[10.7112078  10.79095408 10.81555851 10.2        10.1       ]
575	11.618412638919656	False	[10.75282315 10.65258869 10.86009289 10.75650229 10.53929194]
576	11.618412638919656	False	[10.55738807 10.74806203 10.56445989 10.14580552 11.03488923]
577	11.618412638919656	False	[10.40094061 11.21880604 10.99836581 10.17136327 11.14745651]
578	11.618412638919656	False	[10.20528804 10.          9.66747047 10.1        10.19591639]
579	11.618412638919656	False	[10.1        10.95514811 10.1        10.97793082 10.19074565]
580	11.618412638919656	False	[10.90643153 10.73705952 10.64087462 10.2        10.60021455]
581	11.618412638919656	False	[10.58951668 10.17681551 10.60568886 10.51321179 10.1       ]
582	11.618412638919656	False	[10.49874756 10.38194599 10.45803372 10.2        10.42525543]
583	11.618412638919656	False	[10.1        10.50486386 10.08920387 10.5192904  10.        ]
584	11.618412638919656	False	[10.5311606  11.16306537 11.06891011 10.1        10.81502687]
585	11.618412638919656	False	[10.1        10.29791134 10.47102666 10.4377239  10.47294345]
586	11.618412638919656	False	[11.09181834 11.00974259 11.06964744 10.3        10.80344903]
587	11.618412638919656	False	[10.75189311 10.78493658 10.54472785 10.1        10.2       ]
588	11.618412638919656	False	[10.6151209  10.66980261 10.1        10.47130628 10.1       ]
589	11.618412638919656	False	[10.38863018 10.29972288 10.32738196 10.3        10.15353457]
590	11.618412638919656	False	[ 9.8        11.06860065 11.1923999  10.1        10.1       ]
591	11.618412638919656	False	[10.         10.1        11.39438765 11.03784578 11.30065172]
592	11.618412638919656	False	[10.2        10.25909032 10.92196344 11.37386216 11.06922094]
593	11.618412638919656	False	[10.22967832 10.17133122 10.2083426  10.61664712 10.26884082]
594	11.618412638919656	False	[10.2        10.80423778 10.1        10.93164882 10.96502964]
595	11.618412638919656	False	[10.09121917 10.3        10.00603209 10.0154675  10.07272163]
596	11.618412638919656	False	[10.18036826 10.58143821 10.54734695 10.2        10.18675698]
597	11.618412638919656	False	[10.2        10.05643313 10.22318171 10.28221168 10.1       ]
598	11.618412638919656	False	[10.1        10.25713749 10.1        10.28006984 10.1       ]
599	11.618412638919656	False	[10.36270507 10.66161862 10.4622843  10.1        10.61546632]
600	11.618412638919656	False	[10.25359753 10.2        10.1        10.27782228  9.86933813]
601	11.618412638919656	False	[10.1        11.12178977 10.88122896 11.13792677 10.2       ]
602	11.618412638919656	False	[10.30981076 11.25256887 10.1        11.23675326 11.22253706]
603	11.618412638919656	False	[11.10399814 10.17435656 10.92938596 10.2        10.99588148]
604	11.618412638919656	False	[10.48766855 10.42406638 10.28658554 10.45027365 10.1       ]
605	11.618412638919656	False	[10.1        10.36277484 10.20060046 10.81225564 10.2       ]
606	11.618412638919656	False	[10.07750718 10.40713812 10.51503986 10.1        10.0537007 ]
607	11.618412638919656	False	[10.857345   10.1        10.2        11.04385085 10.1       ]
608	11.618412638919656	False	[10.88420341 11.10056771 10.97659716 10.29477306 10.2       ]
609	11.618412638919656	False	[10.84257066 10.93567873 10.1        10.97655413 10.1       ]
610	11.618412638919656	False	[11.40444038  9.9        11.38054066 10.1        10.29561047]
611	11.618412638919656	False	[10.46204604 10.1        10.1195034  10.7248878  10.1       ]
612	11.618412638919656	False	[10.66857443 10.2        10.21469231 10.2        10.46789438]
613	11.618412638919656	False	[10.99713908 10.9884983  10.99700512 10.72786561 10.81876843]
614	11.618412638919656	False	[10.1        10.64687377 10.         10.76274181 10.94892389]
615	11.618412638919656	False	[11.31842171 10.1        10.1        11.33216554 10.2       ]
616	11.618412638919656	False	[11.06256589 11.09680701 10.21682688 10.         11.01274667]
617	11.618412638919656	False	[10.04866637 10.1        10.1603715  10.18204644 10.16325487]
618	11.618412638919656	False	[10.36357584 10.33349937 10.1        10.12821622 10.29083799]
619	11.618412638919656	False	[10.20196405 10.1        11.09819642 10.92509767 10.94624152]
620	11.618412638919656	False	[11.33288731 11.10727484 10.2        11.10256751 10.2       ]
621	11.618412638919656	False	[10.49552059 10.33250171 10.31291053 10.3666258  10.47830219]
622	11.618412638919656	False	[10.1        11.00162117 10.10109269 11.11128248 11.03156888]
623	11.618412638919656	False	[10.1        11.03228053 11.29571817 11.29093444 11.12170188]
624	11.618412638919656	False	[10.28746573 10.1        10.19610873 10.19288936 10.2       ]
625	11.618412638919656	False	[10.66182051 10.69415657 10.59364068 10.92698637 10.1       ]
626	11.618412638919656	False	[10.1        10.69043534 10.61141292 10.79703336 10.97292269]
627	11.618412638919656	False	[10.04846114 10.20264228 10.10133557 10.23932939 10.27870487]
628	11.618412638919656	False	[11.1793402  11.14639936 10.97796801 11.00479272 10.2       ]
629	11.618412638919656	False	[11.1380846  11.02134193 10.1        11.19424994 11.24272279]
630	11.618412638919656	False	[10.18429189 10.2231788  10.1        10.1         9.95163914]
631	11.618412638919656	False	[10.43527922 10.2        10.4709179  10.56084523 10.65032357]
632	11.618412638919656	False	[10.2791452  10.1        10.12565546 10.26057541 10.15798798]
633	11.618412638919656	False	[10.8612038  10.09966333 10.64085527 10.52994825 11.0421892 ]
634	11.618412638919656	False	[10.85468719 10.89478837 10.99843279 10.99452127 10.93379951]
635	11.618412638919656	False	[10.1        10.30727912 11.14089919 10.89784985 10.2       ]
636	11.618412638919656	False	[10.51494373 10.2        10.67745229 10.4977794  10.31409547]
637	11.618412638919656	False	[10.21123175 10.28582244 10.20251859 10.2458363   9.94712386]
638	11.618412638919656	False	[11.02900797 11.15419546 10.83249102 10.9173209  10.20850357]
639	11.618412638919656	False	[10.53252079 10.66970531 10.44245414 10.2655531  10.36545668]
640	11.618412638919656	False	[10.28911596 10.11534771 10.39779077 10.2        10.        ]
641	11.618412638919656	False	[10.23806533 10.27217306 10.28322941 10.22666911 10.27201571]
642	11.618412638919656	False	[10.61742918 10.10432901 10.30503637 10.6453972  10.91405386]
643	11.618412638919656	False	[10.19048772 10.1        10.43940927 10.54602793 10.38716888]
644	11.618412638919656	False	[10.1      10.1      10.3      10.312676 10.1     ]
